grid 28x35
980
-7.8 148.8
-7.9 148.8
-8.0 148.8
-8.1 148.8
-8.2 148.8
-8.3 148.8
-8.4 148.8
-8.5 148.8
-8.6 148.8
-8.7 148.8
-8.8 148.8
-8.9 148.8
-9.0 148.8
-9.1 148.8
-9.2 148.8
-9.3 148.8
-9.4 148.8
-9.5 148.8
-9.6 148.8
-9.7 148.8
-9.8 148.8
-9.9 148.8
-10.0 148.8
-10.1 148.8
-10.2 148.8
-10.3 148.8
-10.4 148.8
-10.5 148.8
-10.6 148.8
-10.7 148.8
-10.8 148.8
-10.9 148.8
-11.0 148.8
-11.1 148.8
-11.2 148.8
-7.8 148.9
-7.9 148.9
-8.0 148.9
-8.1 148.9
-8.2 148.9
-8.3 148.9
-8.4 148.9
-8.5 148.9
-8.6 148.9
-8.7 148.9
-8.8 148.9
-8.9 148.9
-9.0 148.9
-9.1 148.9
-9.2 148.9
-9.3 148.9
-9.4 148.9
-9.5 148.9
-9.6 148.9
-9.7 148.9
-9.8 148.9
-9.9 148.9
-10.0 148.9
-10.1 148.9
-10.2 148.9
-10.3 148.9
-10.4 148.9
-10.5 148.9
-10.6 148.9
-10.7 148.9
-10.8 148.9
-10.9 148.9
-11.0 148.9
-11.1 148.9
-11.2 148.9
-7.8 149.0
-7.9 149.0
-8.0 149.0
-8.1 149.0
-8.2 149.0
-8.3 149.0
-8.4 149.0
-8.5 149.0
-8.6 149.0
-8.7 149.0
-8.8 149.0
-8.9 149.0
-9.0 149.0
-9.1 149.0
-9.2 149.0
-9.3 149.0
-9.4 149.0
-9.5 149.0
-9.6 149.0
-9.7 149.0
-9.8 149.0
-9.9 149.0
-10.0 149.0
-10.1 149.0
-10.2 149.0
-10.3 149.0
-10.4 149.0
-10.5 149.0
-10.6 149.0
-10.7 149.0
-10.8 149.0
-10.9 149.0
-11.0 149.0
-11.1 149.0
-11.2 149.0
-7.8 149.1
-7.9 149.1
-8.0 149.1
-8.1 149.1
-8.2 149.1
-8.3 149.1
-8.4 149.1
-8.5 149.1
-8.6 149.1
-8.7 149.1
-8.8 149.1
-8.9 149.1
-9.0 149.1
-9.1 149.1
-9.2 149.1
-9.3 149.1
-9.4 149.1
-9.5 149.1
-9.6 149.1
-9.7 149.1
-9.8 149.1
-9.9 149.1
-10.0 149.1
-10.1 149.1
-10.2 149.1
-10.3 149.1
-10.4 149.1
-10.5 149.1
-10.6 149.1
-10.7 149.1
-10.8 149.1
-10.9 149.1
-11.0 149.1
-11.1 149.1
-11.2 149.1
-7.8 149.2
-7.9 149.2
-8.0 149.2
-8.1 149.2
-8.2 149.2
-8.3 149.2
-8.4 149.2
-8.5 149.2
-8.6 149.2
-8.7 149.2
-8.8 149.2
-8.9 149.2
-9.0 149.2
-9.1 149.2
-9.2 149.2
-9.3 149.2
-9.4 149.2
-9.5 149.2
-9.6 149.2
-9.7 149.2
-9.8 149.2
-9.9 149.2
-10.0 149.2
-10.1 149.2
-10.2 149.2
-10.3 149.2
-10.4 149.2
-10.5 149.2
-10.6 149.2
-10.7 149.2
-10.8 149.2
-10.9 149.2
-11.0 149.2
-11.1 149.2
-11.2 149.2
-7.8 149.3
-7.9 149.3
-8.0 149.3
-8.1 149.3
-8.2 149.3
-8.3 149.3
-8.4 149.3
-8.5 149.3
-8.6 149.3
-8.7 149.3
-8.8 149.3
-8.9 149.3
-9.0 149.3
-9.1 149.3
-9.2 149.3
-9.3 149.3
-9.4 149.3
-9.5 149.3
-9.6 149.3
-9.7 149.3
-9.8 149.3
-9.9 149.3
-10.0 149.3
-10.1 149.3
-10.2 149.3
-10.3 149.3
-10.4 149.3
-10.5 149.3
-10.6 149.3
-10.7 149.3
-10.8 149.3
-10.9 149.3
-11.0 149.3
-11.1 149.3
-11.2 149.3
-7.8 149.4
-7.9 149.4
-8.0 149.4
-8.1 149.4
-8.2 149.4
-8.3 149.4
-8.4 149.4
-8.5 149.4
-8.6 149.4
-8.7 149.4
-8.8 149.4
-8.9 149.4
-9.0 149.4
-9.1 149.4
-9.2 149.4
-9.3 149.4
-9.4 149.4
-9.5 149.4
-9.6 149.4
-9.7 149.4
-9.8 149.4
-9.9 149.4
-10.0 149.4
-10.1 149.4
-10.2 149.4
-10.3 149.4
-10.4 149.4
-10.5 149.4
-10.6 149.4
-10.7 149.4
-10.8 149.4
-10.9 149.4
-11.0 149.4
-11.1 149.4
-11.2 149.4
-7.8 149.5
-7.9 149.5
-8.0 149.5
-8.1 149.5
-8.2 149.5
-8.3 149.5
-8.4 149.5
-8.5 149.5
-8.6 149.5
-8.7 149.5
-8.8 149.5
-8.9 149.5
-9.0 149.5
-9.1 149.5
-9.2 149.5
-9.3 149.5
-9.4 149.5
-9.5 149.5
-9.6 149.5
-9.7 149.5
-9.8 149.5
-9.9 149.5
-10.0 149.5
-10.1 149.5
-10.2 149.5
-10.3 149.5
-10.4 149.5
-10.5 149.5
-10.6 149.5
-10.7 149.5
-10.8 149.5
-10.9 149.5
-11.0 149.5
-11.1 149.5
-11.2 149.5
-7.8 149.6
-7.9 149.6
-8.0 149.6
-8.1 149.6
-8.2 149.6
-8.3 149.6
-8.4 149.6
-8.5 149.6
-8.6 149.6
-8.7 149.6
-8.8 149.6
-8.9 149.6
-9.0 149.6
-9.1 149.6
-9.2 149.6
-9.3 149.6
-9.4 149.6
-9.5 149.6
-9.6 149.6
-9.7 149.6
-9.8 149.6
-9.9 149.6
-10.0 149.6
-10.1 149.6
-10.2 149.6
-10.3 149.6
-10.4 149.6
-10.5 149.6
-10.6 149.6
-10.7 149.6
-10.8 149.6
-10.9 149.6
-11.0 149.6
-11.1 149.6
-11.2 149.6
-7.8 149.7
-7.9 149.7
-8.0 149.7
-8.1 149.7
-8.2 149.7
-8.3 149.7
-8.4 149.7
-8.5 149.7
-8.6 149.7
-8.7 149.7
-8.8 149.7
-8.9 149.7
-9.0 149.7
-9.1 149.7
-9.2 149.7
-9.3 149.7
-9.4 149.7
-9.5 149.7
-9.6 149.7
-9.7 149.7
-9.8 149.7
-9.9 149.7
-10.0 149.7
-10.1 149.7
-10.2 149.7
-10.3 149.7
-10.4 149.7
-10.5 149.7
-10.6 149.7
-10.7 149.7
-10.8 149.7
-10.9 149.7
-11.0 149.7
-11.1 149.7
-11.2 149.7
-7.8 149.8
-7.9 149.8
-8.0 149.8
-8.1 149.8
-8.2 149.8
-8.3 149.8
-8.4 149.8
-8.5 149.8
-8.6 149.8
-8.7 149.8
-8.8 149.8
-8.9 149.8
-9.0 149.8
-9.1 149.8
-9.2 149.8
-9.3 149.8
-9.4 149.8
-9.5 149.8
-9.6 149.8
-9.7 149.8
-9.8 149.8
-9.9 149.8
-10.0 149.8
-10.1 149.8
-10.2 149.8
-10.3 149.8
-10.4 149.8
-10.5 149.8
-10.6 149.8
-10.7 149.8
-10.8 149.8
-10.9 149.8
-11.0 149.8
-11.1 149.8
-11.2 149.8
-7.8 149.9
-7.9 149.9
-8.0 149.9
-8.1 149.9
-8.2 149.9
-8.3 149.9
-8.4 149.9
-8.5 149.9
-8.6 149.9
-8.7 149.9
-8.8 149.9
-8.9 149.9
-9.0 149.9
-9.1 149.9
-9.2 149.9
-9.3 149.9
-9.4 149.9
-9.5 149.9
-9.6 149.9
-9.7 149.9
-9.8 149.9
-9.9 149.9
-10.0 149.9
-10.1 149.9
-10.2 149.9
-10.3 149.9
-10.4 149.9
-10.5 149.9
-10.6 149.9
-10.7 149.9
-10.8 149.9
-10.9 149.9
-11.0 149.9
-11.1 149.9
-11.2 149.9
-7.8 150.0
-7.9 150.0
-8.0 150.0
-8.1 150.0
-8.2 150.0
-8.3 150.0
-8.4 150.0
-8.5 150.0
-8.6 150.0
-8.7 150.0
-8.8 150.0
-8.9 150.0
-9.0 150.0
-9.1 150.0
-9.2 150.0
-9.3 150.0
-9.4 150.0
-9.5 150.0
-9.6 150.0
-9.7 150.0
-9.8 150.0
-9.9 150.0
-10.0 150.0
-10.1 150.0
-10.2 150.0
-10.3 150.0
-10.4 150.0
-10.5 150.0
-10.6 150.0
-10.7 150.0
-10.8 150.0
-10.9 150.0
-11.0 150.0
-11.1 150.0
-11.2 150.0
-7.8 150.1
-7.9 150.1
-8.0 150.1
-8.1 150.1
-8.2 150.1
-8.3 150.1
-8.4 150.1
-8.5 150.1
-8.6 150.1
-8.7 150.1
-8.8 150.1
-8.9 150.1
-9.0 150.1
-9.1 150.1
-9.2 150.1
-9.3 150.1
-9.4 150.1
-9.5 150.1
-9.6 150.1
-9.7 150.1
-9.8 150.1
-9.9 150.1
-10.0 150.1
-10.1 150.1
-10.2 150.1
-10.3 150.1
-10.4 150.1
-10.5 150.1
-10.6 150.1
-10.7 150.1
-10.8 150.1
-10.9 150.1
-11.0 150.1
-11.1 150.1
-11.2 150.1
-7.8 150.2
-7.9 150.2
-8.0 150.2
-8.1 150.2
-8.2 150.2
-8.3 150.2
-8.4 150.2
-8.5 150.2
-8.6 150.2
-8.7 150.2
-8.8 150.2
-8.9 150.2
-9.0 150.2
-9.1 150.2
-9.2 150.2
-9.3 150.2
-9.4 150.2
-9.5 150.2
-9.6 150.2
-9.7 150.2
-9.8 150.2
-9.9 150.2
-10.0 150.2
-10.1 150.2
-10.2 150.2
-10.3 150.2
-10.4 150.2
-10.5 150.2
-10.6 150.2
-10.7 150.2
-10.8 150.2
-10.9 150.2
-11.0 150.2
-11.1 150.2
-11.2 150.2
-7.8 150.3
-7.9 150.3
-8.0 150.3
-8.1 150.3
-8.2 150.3
-8.3 150.3
-8.4 150.3
-8.5 150.3
-8.6 150.3
-8.7 150.3
-8.8 150.3
-8.9 150.3
-9.0 150.3
-9.1 150.3
-9.2 150.3
-9.3 150.3
-9.4 150.3
-9.5 150.3
-9.6 150.3
-9.7 150.3
-9.8 150.3
-9.9 150.3
-10.0 150.3
-10.1 150.3
-10.2 150.3
-10.3 150.3
-10.4 150.3
-10.5 150.3
-10.6 150.3
-10.7 150.3
-10.8 150.3
-10.9 150.3
-11.0 150.3
-11.1 150.3
-11.2 150.3
-7.8 150.4
-7.9 150.4
-8.0 150.4
-8.1 150.4
-8.2 150.4
-8.3 150.4
-8.4 150.4
-8.5 150.4
-8.6 150.4
-8.7 150.4
-8.8 150.4
-8.9 150.4
-9.0 150.4
-9.1 150.4
-9.2 150.4
-9.3 150.4
-9.4 150.4
-9.5 150.4
-9.6 150.4
-9.7 150.4
-9.8 150.4
-9.9 150.4
-10.0 150.4
-10.1 150.4
-10.2 150.4
-10.3 150.4
-10.4 150.4
-10.5 150.4
-10.6 150.4
-10.7 150.4
-10.8 150.4
-10.9 150.4
-11.0 150.4
-11.1 150.4
-11.2 150.4
-7.8 150.5
-7.9 150.5
-8.0 150.5
-8.1 150.5
-8.2 150.5
-8.3 150.5
-8.4 150.5
-8.5 150.5
-8.6 150.5
-8.7 150.5
-8.8 150.5
-8.9 150.5
-9.0 150.5
-9.1 150.5
-9.2 150.5
-9.3 150.5
-9.4 150.5
-9.5 150.5
-9.6 150.5
-9.7 150.5
-9.8 150.5
-9.9 150.5
-10.0 150.5
-10.1 150.5
-10.2 150.5
-10.3 150.5
-10.4 150.5
-10.5 150.5
-10.6 150.5
-10.7 150.5
-10.8 150.5
-10.9 150.5
-11.0 150.5
-11.1 150.5
-11.2 150.5
-7.8 150.6
-7.9 150.6
-8.0 150.6
-8.1 150.6
-8.2 150.6
-8.3 150.6
-8.4 150.6
-8.5 150.6
-8.6 150.6
-8.7 150.6
-8.8 150.6
-8.9 150.6
-9.0 150.6
-9.1 150.6
-9.2 150.6
-9.3 150.6
-9.4 150.6
-9.5 150.6
-9.6 150.6
-9.7 150.6
-9.8 150.6
-9.9 150.6
-10.0 150.6
-10.1 150.6
-10.2 150.6
-10.3 150.6
-10.4 150.6
-10.5 150.6
-10.6 150.6
-10.7 150.6
-10.8 150.6
-10.9 150.6
-11.0 150.6
-11.1 150.6
-11.2 150.6
-7.8 150.7
-7.9 150.7
-8.0 150.7
-8.1 150.7
-8.2 150.7
-8.3 150.7
-8.4 150.7
-8.5 150.7
-8.6 150.7
-8.7 150.7
-8.8 150.7
-8.9 150.7
-9.0 150.7
-9.1 150.7
-9.2 150.7
-9.3 150.7
-9.4 150.7
-9.5 150.7
-9.6 150.7
-9.7 150.7
-9.8 150.7
-9.9 150.7
-10.0 150.7
-10.1 150.7
-10.2 150.7
-10.3 150.7
-10.4 150.7
-10.5 150.7
-10.6 150.7
-10.7 150.7
-10.8 150.7
-10.9 150.7
-11.0 150.7
-11.1 150.7
-11.2 150.7
-7.8 150.8
-7.9 150.8
-8.0 150.8
-8.1 150.8
-8.2 150.8
-8.3 150.8
-8.4 150.8
-8.5 150.8
-8.6 150.8
-8.7 150.8
-8.8 150.8
-8.9 150.8
-9.0 150.8
-9.1 150.8
-9.2 150.8
-9.3 150.8
-9.4 150.8
-9.5 150.8
-9.6 150.8
-9.7 150.8
-9.8 150.8
-9.9 150.8
-10.0 150.8
-10.1 150.8
-10.2 150.8
-10.3 150.8
-10.4 150.8
-10.5 150.8
-10.6 150.8
-10.7 150.8
-10.8 150.8
-10.9 150.8
-11.0 150.8
-11.1 150.8
-11.2 150.8
-7.8 150.9
-7.9 150.9
-8.0 150.9
-8.1 150.9
-8.2 150.9
-8.3 150.9
-8.4 150.9
-8.5 150.9
-8.6 150.9
-8.7 150.9
-8.8 150.9
-8.9 150.9
-9.0 150.9
-9.1 150.9
-9.2 150.9
-9.3 150.9
-9.4 150.9
-9.5 150.9
-9.6 150.9
-9.7 150.9
-9.8 150.9
-9.9 150.9
-10.0 150.9
-10.1 150.9
-10.2 150.9
-10.3 150.9
-10.4 150.9
-10.5 150.9
-10.6 150.9
-10.7 150.9
-10.8 150.9
-10.9 150.9
-11.0 150.9
-11.1 150.9
-11.2 150.9
-7.8 151.0
-7.9 151.0
-8.0 151.0
-8.1 151.0
-8.2 151.0
-8.3 151.0
-8.4 151.0
-8.5 151.0
-8.6 151.0
-8.7 151.0
-8.8 151.0
-8.9 151.0
-9.0 151.0
-9.1 151.0
-9.2 151.0
-9.3 151.0
-9.4 151.0
-9.5 151.0
-9.6 151.0
-9.7 151.0
-9.8 151.0
-9.9 151.0
-10.0 151.0
-10.1 151.0
-10.2 151.0
-10.3 151.0
-10.4 151.0
-10.5 151.0
-10.6 151.0
-10.7 151.0
-10.8 151.0
-10.9 151.0
-11.0 151.0
-11.1 151.0
-11.2 151.0
-7.8 151.1
-7.9 151.1
-8.0 151.1
-8.1 151.1
-8.2 151.1
-8.3 151.1
-8.4 151.1
-8.5 151.1
-8.6 151.1
-8.7 151.1
-8.8 151.1
-8.9 151.1
-9.0 151.1
-9.1 151.1
-9.2 151.1
-9.3 151.1
-9.4 151.1
-9.5 151.1
-9.6 151.1
-9.7 151.1
-9.8 151.1
-9.9 151.1
-10.0 151.1
-10.1 151.1
-10.2 151.1
-10.3 151.1
-10.4 151.1
-10.5 151.1
-10.6 151.1
-10.7 151.1
-10.8 151.1
-10.9 151.1
-11.0 151.1
-11.1 151.1
-11.2 151.1
-7.8 151.2
-7.9 151.2
-8.0 151.2
-8.1 151.2
-8.2 151.2
-8.3 151.2
-8.4 151.2
-8.5 151.2
-8.6 151.2
-8.7 151.2
-8.8 151.2
-8.9 151.2
-9.0 151.2
-9.1 151.2
-9.2 151.2
-9.3 151.2
-9.4 151.2
-9.5 151.2
-9.6 151.2
-9.7 151.2
-9.8 151.2
-9.9 151.2
-10.0 151.2
-10.1 151.2
-10.2 151.2
-10.3 151.2
-10.4 151.2
-10.5 151.2
-10.6 151.2
-10.7 151.2
-10.8 151.2
-10.9 151.2
-11.0 151.2
-11.1 151.2
-11.2 151.2
-7.8 151.3
-7.9 151.3
-8.0 151.3
-8.1 151.3
-8.2 151.3
-8.3 151.3
-8.4 151.3
-8.5 151.3
-8.6 151.3
-8.7 151.3
-8.8 151.3
-8.9 151.3
-9.0 151.3
-9.1 151.3
-9.2 151.3
-9.3 151.3
-9.4 151.3
-9.5 151.3
-9.6 151.3
-9.7 151.3
-9.8 151.3
-9.9 151.3
-10.0 151.3
-10.1 151.3
-10.2 151.3
-10.3 151.3
-10.4 151.3
-10.5 151.3
-10.6 151.3
-10.7 151.3
-10.8 151.3
-10.9 151.3
-11.0 151.3
-11.1 151.3
-11.2 151.3
-7.8 151.4
-7.9 151.4
-8.0 151.4
-8.1 151.4
-8.2 151.4
-8.3 151.4
-8.4 151.4
-8.5 151.4
-8.6 151.4
-8.7 151.4
-8.8 151.4
-8.9 151.4
-9.0 151.4
-9.1 151.4
-9.2 151.4
-9.3 151.4
-9.4 151.4
-9.5 151.4
-9.6 151.4
-9.7 151.4
-9.8 151.4
-9.9 151.4
-10.0 151.4
-10.1 151.4
-10.2 151.4
-10.3 151.4
-10.4 151.4
-10.5 151.4
-10.6 151.4
-10.7 151.4
-10.8 151.4
-10.9 151.4
-11.0 151.4
-11.1 151.4
-11.2 151.4
-7.8 151.5
-7.9 151.5
-8.0 151.5
-8.1 151.5
-8.2 151.5
-8.3 151.5
-8.4 151.5
-8.5 151.5
-8.6 151.5
-8.7 151.5
-8.8 151.5
-8.9 151.5
-9.0 151.5
-9.1 151.5
-9.2 151.5
-9.3 151.5
-9.4 151.5
-9.5 151.5
-9.6 151.5
-9.7 151.5
-9.8 151.5
-9.9 151.5
-10.0 151.5
-10.1 151.5
-10.2 151.5
-10.3 151.5
-10.4 151.5
-10.5 151.5
-10.6 151.5
-10.7 151.5
-10.8 151.5
-10.9 151.5
-11.0 151.5
-11.1 151.5
-11.2 151.5
-11.2 148.8
-7.8 148.8
-7.8 151.5
-11.2 151.5
28
11.1 11.1
