    0.10000E+01    0.00000E+00    0.00000E+00    0.00000E+00    0.00000E+00    0.00000E+00    0.28705E-26
    0.20000E+05    0.00000E+00    0.00000E+00    0.00000E+00    0.00000E+00    0.00000E+00    0.11482E-17
    0.40000E+05    0.00000E+00    0.00000E+00    0.00000E+00    0.00000E+00    0.00000E+00    0.45928E-17
    0.60000E+05    0.00000E+00    0.00000E+00    0.00000E+00    0.00000E+00    0.00000E+00    0.10334E-16
    0.80000E+05    0.00000E+00    0.00000E+00    0.00000E+00    0.00000E+00    0.00000E+00    0.18371E-16
    0.10000E+06    0.00000E+00    0.00000E+00    0.00000E+00    0.00000E+00    0.00000E+00    0.28705E-16
    0.12000E+06    0.00000E+00    0.00000E+00    0.00000E+00    0.00000E+00    0.00000E+00    0.41335E-16
    0.14000E+06    0.00000E+00    0.00000E+00    0.00000E+00    0.00000E+00    0.00000E+00    0.56261E-16
    0.16000E+06    0.00000E+00    0.00000E+00    0.00000E+00    0.00000E+00    0.00000E+00    0.73484E-16
    0.18000E+06    0.00000E+00    0.00000E+00    0.00000E+00    0.00000E+00    0.00000E+00    0.93003E-16
    0.20000E+06    0.00000E+00    0.00000E+00    0.00000E+00    0.00000E+00    0.00000E+00    0.11482E-15
    0.22000E+06    0.00000E+00    0.00000E+00    0.00000E+00    0.00000E+00    0.00000E+00    0.13893E-15
    0.24000E+06    0.00000E+00    0.00000E+00    0.00000E+00    0.00000E+00    0.00000E+00    0.16534E-15
    0.26000E+06    0.00000E+00    0.00000E+00    0.00000E+00    0.00000E+00    0.00000E+00    0.19404E-15
    0.28000E+06    0.00000E+00    0.00000E+00    0.00000E+00    0.00000E+00    0.00000E+00    0.22504E-15
    0.30000E+06    0.00000E+00    0.00000E+00    0.00000E+00    0.00000E+00    0.00000E+00    0.25834E-15
    0.32000E+06    0.00000E+00    0.00000E+00    0.00000E+00    0.00000E+00    0.00000E+00    0.29394E-15
    0.34000E+06    0.00000E+00    0.00000E+00    0.00000E+00    0.00000E+00    0.00000E+00    0.33183E-15
    0.36000E+06    0.00000E+00    0.00000E+00    0.00000E+00    0.00000E+00    0.00000E+00    0.37201E-15
    0.38000E+06    0.00000E+00    0.00000E+00    0.00000E+00    0.00000E+00    0.00000E+00    0.41450E-15
    0.40000E+06    0.00000E+00    0.00000E+00    0.00000E+00    0.00000E+00    0.00000E+00    0.45928E-15
    0.42000E+06    0.00000E+00    0.00000E+00    0.00000E+00    0.00000E+00    0.00000E+00    0.50635E-15
    0.44000E+06    0.00000E+00    0.00000E+00    0.00000E+00    0.00000E+00    0.00000E+00    0.55572E-15
    0.46000E+06    0.00000E+00    0.00000E+00    0.00000E+00    0.00000E+00    0.00000E+00    0.60739E-15
    0.48000E+06    0.00000E+00    0.00000E+00    0.00000E+00    0.00000E+00    0.00000E+00    0.66136E-15
    0.50000E+06    0.00000E+00    0.00000E+00    0.00000E+00    0.00000E+00    0.00000E+00    0.71762E-15
    0.52000E+06    0.00000E+00    0.00000E+00    0.00000E+00    0.00000E+00    0.00000E+00    0.77618E-15
    0.54000E+06    0.00000E+00    0.00000E+00    0.00000E+00    0.00000E+00    0.00000E+00    0.83703E-15
    0.56000E+06    0.00000E+00    0.00000E+00    0.00000E+00    0.00000E+00    0.00000E+00    0.90018E-15
    0.58000E+06    0.00000E+00    0.00000E+00    0.00000E+00    0.00000E+00    0.00000E+00    0.96563E-15
    0.60000E+06    0.00000E+00    0.00000E+00    0.00000E+00    0.00000E+00    0.00000E+00    0.10334E-14
    0.62000E+06    0.00000E+00    0.00000E+00    0.00000E+00    0.00000E+00    0.00000E+00    0.11034E-14
    0.64000E+06    0.00000E+00    0.00000E+00    0.00000E+00    0.00000E+00    0.00000E+00    0.11757E-14
    0.66000E+06    0.00000E+00    0.00000E+00    0.00000E+00    0.00000E+00    0.00000E+00    0.12504E-14
    0.68000E+06    0.00000E+00    0.00000E+00    0.00000E+00    0.00000E+00    0.00000E+00    0.13273E-14
    0.70000E+06    0.00000E+00    0.00000E+00    0.00000E+00    0.00000E+00    0.00000E+00    0.14065E-14
    0.72000E+06    0.00000E+00    0.00000E+00    0.00000E+00    0.00000E+00    0.00000E+00    0.14881E-14
    0.74000E+06    0.00000E+00    0.00000E+00    0.00000E+00    0.00000E+00    0.00000E+00    0.15719E-14
    0.76000E+06    0.00000E+00    0.00000E+00    0.00000E+00    0.00000E+00    0.00000E+00    0.16580E-14
    0.78000E+06    0.00000E+00    0.00000E+00    0.00000E+00    0.00000E+00    0.00000E+00    0.17464E-14
    0.80000E+06    0.00000E+00    0.00000E+00    0.00000E+00    0.00000E+00    0.00000E+00    0.18371E-14
    0.82000E+06    0.00000E+00    0.00000E+00    0.00000E+00    0.00000E+00    0.00000E+00    0.19301E-14
    0.84000E+06    0.00000E+00    0.00000E+00    0.00000E+00    0.00000E+00    0.00000E+00    0.20254E-14
    0.86000E+06    0.00000E+00    0.00000E+00    0.00000E+00    0.00000E+00    0.00000E+00    0.21230E-14
    0.88000E+06    0.00000E+00    0.00000E+00    0.00000E+00    0.00000E+00    0.00000E+00    0.22229E-14
    0.90000E+06    0.00000E+00    0.00000E+00    0.00000E+00    0.00000E+00    0.00000E+00    0.23251E-14
    0.92000E+06    0.00000E+00    0.00000E+00    0.00000E+00    0.00000E+00    0.00000E+00    0.24296E-14
    0.94000E+06    0.00000E+00    0.00000E+00    0.00000E+00    0.00000E+00    0.00000E+00    0.25363E-14
    0.96000E+06    0.00000E+00    0.00000E+00    0.00000E+00    0.00000E+00    0.00000E+00    0.26454E-14
    0.98000E+06    0.00000E+00    0.00000E+00    0.00000E+00    0.00000E+00    0.00000E+00    0.27568E-14
    0.10000E+07    0.00000E+00    0.00000E+00    0.00000E+00    0.00000E+00    0.00000E+00    0.28705E-14
    0.10200E+07    0.00000E+00    0.00000E+00    0.00000E+00    0.00000E+00    0.00000E+00    0.29864E-14
    0.10400E+07    0.00000E+00    0.00000E+00    0.00000E+00    0.00000E+00    0.00000E+00    0.31047E-14
    0.10600E+07    0.00000E+00    0.00000E+00    0.00000E+00    0.00000E+00    0.00000E+00    0.32253E-14
    0.10800E+07    0.00000E+00    0.00000E+00    0.00000E+00    0.00000E+00    0.00000E+00    0.33481E-14
    0.11000E+07    0.00000E+00    0.00000E+00    0.00000E+00    0.00000E+00    0.00000E+00    0.34733E-14
    0.11200E+07    0.00000E+00    0.00000E+00    0.00000E+00    0.00000E+00    0.00000E+00    0.36007E-14
    0.11400E+07    0.00000E+00    0.00000E+00    0.00000E+00    0.00000E+00    0.00000E+00    0.37305E-14
    0.11600E+07    0.00000E+00    0.00000E+00    0.00000E+00    0.00000E+00    0.00000E+00    0.38625E-14
    0.11800E+07    0.00000E+00    0.00000E+00    0.00000E+00    0.00000E+00    0.00000E+00    0.39968E-14
    0.12000E+07    0.00000E+00    0.00000E+00    0.00000E+00    0.00000E+00    0.00000E+00    0.41335E-14
    0.12200E+07    0.00000E+00    0.00000E+00    0.00000E+00    0.00000E+00    0.00000E+00    0.42724E-14
    0.12215E+07    0.00000E+00    0.00000E+00    0.00000E+00    0.00000E+00    0.00000E+00    0.42829E-14
    0.12215E+07    0.00000E+00    0.00000E+00    0.00000E+00    0.00000E+00    0.00000E+00    0.42829E-14
    0.12400E+07    0.00000E+00    0.00000E+00    0.00000E+00    0.00000E+00    0.00000E+00    0.44136E-14
    0.12600E+07    0.00000E+00    0.00000E+00    0.00000E+00    0.00000E+00    0.00000E+00    0.45572E-14
    0.12800E+07    0.00000E+00    0.00000E+00    0.00000E+00    0.00000E+00    0.00000E+00    0.47030E-14
    0.13000E+07    0.00000E+00    0.00000E+00    0.00000E+00    0.00000E+00    0.00000E+00    0.48511E-14
    0.13200E+07    0.00000E+00    0.00000E+00    0.00000E+00    0.00000E+00    0.00000E+00    0.50015E-14
    0.13400E+07    0.00000E+00    0.00000E+00    0.00000E+00    0.00000E+00    0.00000E+00    0.51542E-14
    0.13600E+07    0.00000E+00    0.00000E+00    0.00000E+00    0.00000E+00    0.00000E+00    0.53092E-14
    0.13800E+07    0.00000E+00    0.00000E+00    0.00000E+00    0.00000E+00    0.00000E+00    0.54665E-14
    0.14000E+07    0.00000E+00    0.00000E+00    0.00000E+00    0.00000E+00    0.00000E+00    0.56261E-14
    0.14200E+07    0.00000E+00    0.00000E+00    0.00000E+00    0.00000E+00    0.00000E+00    0.57880E-14
    0.14400E+07    0.00000E+00    0.00000E+00    0.00000E+00    0.00000E+00    0.00000E+00    0.59522E-14
    0.14600E+07    0.00000E+00    0.00000E+00    0.00000E+00    0.00000E+00    0.00000E+00    0.61187E-14
    0.14800E+07    0.00000E+00    0.00000E+00    0.00000E+00    0.00000E+00    0.00000E+00    0.62875E-14
    0.15000E+07    0.00000E+00    0.00000E+00    0.00000E+00    0.00000E+00    0.00000E+00    0.64586E-14
    0.15200E+07    0.00000E+00    0.00000E+00    0.00000E+00    0.00000E+00    0.00000E+00    0.66319E-14
    0.15400E+07    0.00000E+00    0.00000E+00    0.00000E+00    0.00000E+00    0.00000E+00    0.68076E-14
    0.15600E+07    0.00000E+00    0.00000E+00    0.00000E+00    0.00000E+00    0.00000E+00    0.69856E-14
    0.15800E+07    0.00000E+00    0.00000E+00    0.00000E+00    0.00000E+00    0.00000E+00    0.71658E-14
    0.16000E+07    0.00000E+00    0.00000E+00    0.00000E+00    0.00000E+00    0.00000E+00    0.73484E-14
    0.16200E+07    0.00000E+00    0.00000E+00    0.00000E+00    0.00000E+00    0.00000E+00    0.75333E-14
    0.16400E+07    0.00000E+00    0.00000E+00    0.00000E+00    0.00000E+00    0.00000E+00    0.77204E-14
    0.16600E+07    0.00000E+00    0.00000E+00    0.00000E+00    0.00000E+00    0.00000E+00    0.79099E-14
    0.16800E+07    0.00000E+00    0.00000E+00    0.00000E+00    0.00000E+00    0.00000E+00    0.81016E-14
    0.17000E+07    0.00000E+00    0.00000E+00    0.00000E+00    0.00000E+00    0.00000E+00    0.82957E-14
    0.17200E+07    0.00000E+00    0.00000E+00    0.00000E+00    0.00000E+00    0.00000E+00    0.84920E-14
    0.17400E+07    0.00000E+00    0.00000E+00    0.00000E+00    0.00000E+00    0.00000E+00    0.86906E-14
    0.17600E+07    0.00000E+00    0.00000E+00    0.00000E+00    0.00000E+00    0.00000E+00    0.88916E-14
    0.17800E+07    0.00000E+00    0.00000E+00    0.00000E+00    0.00000E+00    0.00000E+00    0.90948E-14
    0.18000E+07    0.00000E+00    0.00000E+00    0.00000E+00    0.00000E+00    0.00000E+00    0.93003E-14
    0.18200E+07    0.00000E+00    0.00000E+00    0.00000E+00    0.00000E+00    0.00000E+00    0.95081E-14
    0.18400E+07    0.00000E+00    0.00000E+00    0.00000E+00    0.00000E+00    0.00000E+00    0.97183E-14
    0.18600E+07    0.00000E+00    0.00000E+00    0.00000E+00    0.00000E+00    0.00000E+00    0.99307E-14
    0.18800E+07    0.00000E+00    0.00000E+00    0.00000E+00    0.00000E+00    0.00000E+00    0.10145E-13
    0.19000E+07    0.00000E+00    0.00000E+00    0.00000E+00    0.00000E+00    0.00000E+00    0.10362E-13
    0.19200E+07    0.00000E+00    0.00000E+00    0.00000E+00    0.00000E+00    0.00000E+00    0.10582E-13
    0.19400E+07    0.00000E+00    0.00000E+00    0.00000E+00    0.00000E+00    0.00000E+00    0.10803E-13
    0.19600E+07    0.00000E+00    0.00000E+00    0.00000E+00    0.00000E+00    0.00000E+00    0.11027E-13
    0.19800E+07    0.00000E+00    0.00000E+00    0.00000E+00    0.00000E+00    0.00000E+00    0.11253E-13
    0.20000E+07    0.00000E+00    0.00000E+00    0.00000E+00    0.00000E+00    0.00000E+00    0.11482E-13
    0.20200E+07    0.00000E+00    0.00000E+00    0.00000E+00    0.00000E+00    0.00000E+00    0.11713E-13
    0.20400E+07    0.00000E+00    0.00000E+00    0.00000E+00    0.00000E+00    0.00000E+00    0.11946E-13
    0.20600E+07    0.00000E+00    0.00000E+00    0.00000E+00    0.00000E+00    0.00000E+00    0.12181E-13
    0.20800E+07    0.00000E+00    0.00000E+00    0.00000E+00    0.00000E+00    0.00000E+00    0.12419E-13
    0.21000E+07    0.00000E+00    0.00000E+00    0.00000E+00    0.00000E+00    0.00000E+00    0.12659E-13
    0.21200E+07    0.00000E+00    0.00000E+00    0.00000E+00    0.00000E+00    0.00000E+00    0.12901E-13
    0.21400E+07    0.00000E+00    0.00000E+00    0.00000E+00    0.00000E+00    0.00000E+00    0.13146E-13
    0.21600E+07    0.00000E+00    0.00000E+00    0.00000E+00    0.00000E+00    0.00000E+00    0.13392E-13
    0.21800E+07    0.00000E+00    0.00000E+00    0.00000E+00    0.00000E+00    0.00000E+00    0.13642E-13
    0.22000E+07    0.00000E+00    0.00000E+00    0.00000E+00    0.00000E+00    0.00000E+00    0.13893E-13
    0.22200E+07    0.00000E+00    0.00000E+00    0.00000E+00    0.00000E+00    0.00000E+00    0.14147E-13
    0.22400E+07    0.00000E+00    0.00000E+00    0.00000E+00    0.00000E+00    0.00000E+00    0.14403E-13
    0.22600E+07    0.00000E+00    0.00000E+00    0.00000E+00    0.00000E+00    0.00000E+00    0.14661E-13
    0.22800E+07    0.00000E+00    0.00000E+00    0.00000E+00    0.00000E+00    0.00000E+00    0.14922E-13
    0.23000E+07    0.00000E+00    0.00000E+00    0.00000E+00    0.00000E+00    0.00000E+00    0.15185E-13
    0.23200E+07    0.00000E+00    0.00000E+00    0.00000E+00    0.00000E+00    0.00000E+00    0.15450E-13
    0.23400E+07    0.00000E+00    0.00000E+00    0.00000E+00    0.00000E+00    0.00000E+00    0.15718E-13
    0.23600E+07    0.00000E+00    0.00000E+00    0.00000E+00    0.00000E+00    0.00000E+00    0.15987E-13
    0.23800E+07    0.00000E+00    0.00000E+00    0.00000E+00    0.00000E+00    0.00000E+00    0.16259E-13
    0.24000E+07    0.00000E+00    0.00000E+00    0.00000E+00    0.00000E+00    0.00000E+00    0.16534E-13
    0.24200E+07    0.00000E+00    0.00000E+00    0.00000E+00    0.00000E+00    0.00000E+00    0.16811E-13
    0.24400E+07    0.00000E+00    0.00000E+00    0.00000E+00    0.00000E+00    0.00000E+00    0.17090E-13
    0.24600E+07    0.00000E+00    0.00000E+00    0.00000E+00    0.00000E+00    0.00000E+00    0.17371E-13
    0.24800E+07    0.00000E+00    0.00000E+00    0.00000E+00    0.00000E+00    0.00000E+00    0.17655E-13
    0.25000E+07    0.00000E+00    0.00000E+00    0.00000E+00    0.00000E+00    0.00000E+00    0.17940E-13
    0.25200E+07    0.00000E+00    0.00000E+00    0.00000E+00    0.00000E+00    0.00000E+00    0.18229E-13
    0.25400E+07    0.00000E+00    0.00000E+00    0.00000E+00    0.00000E+00    0.00000E+00    0.18519E-13
    0.25600E+07    0.00000E+00    0.00000E+00    0.00000E+00    0.00000E+00    0.00000E+00    0.18812E-13
    0.25800E+07    0.00000E+00    0.00000E+00    0.00000E+00    0.00000E+00    0.00000E+00    0.19107E-13
    0.26000E+07    0.00000E+00    0.00000E+00    0.00000E+00    0.00000E+00    0.00000E+00    0.19404E-13
    0.26200E+07    0.00000E+00    0.00000E+00    0.00000E+00    0.00000E+00    0.00000E+00    0.19704E-13
    0.26400E+07    0.00000E+00    0.00000E+00    0.00000E+00    0.00000E+00    0.00000E+00    0.20006E-13
    0.26600E+07    0.00000E+00    0.00000E+00    0.00000E+00    0.00000E+00    0.00000E+00    0.20310E-13
    0.26800E+07    0.00000E+00    0.00000E+00    0.00000E+00    0.00000E+00    0.00000E+00    0.20617E-13
    0.27000E+07    0.00000E+00    0.00000E+00    0.00000E+00    0.00000E+00    0.00000E+00    0.20926E-13
    0.27200E+07    0.00000E+00    0.00000E+00    0.00000E+00    0.00000E+00    0.00000E+00    0.21237E-13
    0.27400E+07    0.00000E+00    0.00000E+00    0.00000E+00    0.00000E+00    0.00000E+00    0.21550E-13
    0.27600E+07    0.00000E+00    0.00000E+00    0.00000E+00    0.00000E+00    0.00000E+00    0.21866E-13
    0.27800E+07    0.00000E+00    0.00000E+00    0.00000E+00    0.00000E+00    0.00000E+00    0.22184E-13
    0.28000E+07    0.00000E+00    0.00000E+00    0.00000E+00    0.00000E+00    0.00000E+00    0.22504E-13
    0.28200E+07    0.00000E+00    0.00000E+00    0.00000E+00    0.00000E+00    0.00000E+00    0.22827E-13
    0.28400E+07    0.00000E+00    0.00000E+00    0.00000E+00    0.00000E+00    0.00000E+00    0.23152E-13
    0.28600E+07    0.00000E+00    0.00000E+00    0.00000E+00    0.00000E+00    0.00000E+00    0.23479E-13
    0.28800E+07    0.00000E+00    0.00000E+00    0.00000E+00    0.00000E+00    0.00000E+00    0.23809E-13
    0.29000E+07    0.00000E+00    0.00000E+00    0.00000E+00    0.00000E+00    0.00000E+00    0.24141E-13
    0.29200E+07    0.00000E+00    0.00000E+00    0.00000E+00    0.00000E+00    0.00000E+00    0.24475E-13
    0.29400E+07    0.00000E+00    0.00000E+00    0.00000E+00    0.00000E+00    0.00000E+00    0.24811E-13
    0.29600E+07    0.00000E+00    0.00000E+00    0.00000E+00    0.00000E+00    0.00000E+00    0.25150E-13
    0.29800E+07    0.00000E+00    0.00000E+00    0.00000E+00    0.00000E+00    0.00000E+00    0.25491E-13
    0.30000E+07    0.00000E+00    0.00000E+00    0.00000E+00    0.00000E+00    0.00000E+00    0.25834E-13
    0.30200E+07    0.00000E+00    0.00000E+00    0.00000E+00    0.00000E+00    0.00000E+00    0.26180E-13
    0.30400E+07    0.00000E+00    0.00000E+00    0.00000E+00    0.00000E+00    0.00000E+00    0.26528E-13
    0.30600E+07    0.00000E+00    0.00000E+00    0.00000E+00    0.00000E+00    0.00000E+00    0.26878E-13
    0.30800E+07    0.00000E+00    0.00000E+00    0.00000E+00    0.00000E+00    0.00000E+00    0.27230E-13
    0.31000E+07    0.00000E+00    0.00000E+00    0.00000E+00    0.00000E+00    0.00000E+00    0.27585E-13
    0.31200E+07    0.00000E+00    0.00000E+00    0.00000E+00    0.00000E+00    0.00000E+00    0.27942E-13
    0.31400E+07    0.00000E+00    0.00000E+00    0.00000E+00    0.00000E+00    0.00000E+00    0.28302E-13
    0.31600E+07    0.00000E+00    0.00000E+00    0.00000E+00    0.00000E+00    0.00000E+00    0.28663E-13
    0.31800E+07    0.00000E+00    0.00000E+00    0.00000E+00    0.00000E+00    0.00000E+00    0.29027E-13
    0.32000E+07    0.00000E+00    0.00000E+00    0.00000E+00    0.00000E+00    0.00000E+00    0.29394E-13
    0.32200E+07    0.00000E+00    0.00000E+00    0.00000E+00    0.00000E+00    0.00000E+00    0.29762E-13
    0.32400E+07    0.00000E+00    0.00000E+00    0.00000E+00    0.00000E+00    0.00000E+00    0.30133E-13
    0.32600E+07    0.00000E+00    0.00000E+00    0.00000E+00    0.00000E+00    0.00000E+00    0.30506E-13
    0.32800E+07    0.00000E+00    0.00000E+00    0.00000E+00    0.00000E+00    0.00000E+00    0.30882E-13
    0.33000E+07    0.00000E+00    0.00000E+00    0.00000E+00    0.00000E+00    0.00000E+00    0.31259E-13
    0.33200E+07    0.00000E+00    0.00000E+00    0.00000E+00    0.00000E+00    0.00000E+00    0.31639E-13
    0.33400E+07    0.00000E+00    0.00000E+00    0.00000E+00    0.00000E+00    0.00000E+00    0.32022E-13
    0.33600E+07    0.00000E+00    0.00000E+00    0.00000E+00    0.00000E+00    0.00000E+00    0.32406E-13
    0.33800E+07    0.00000E+00    0.00000E+00    0.00000E+00    0.00000E+00    0.00000E+00    0.32793E-13
    0.34000E+07    0.00000E+00    0.00000E+00    0.00000E+00    0.00000E+00    0.00000E+00    0.33183E-13
    0.34200E+07    0.00000E+00    0.00000E+00    0.00000E+00    0.00000E+00    0.00000E+00    0.33574E-13
    0.34400E+07    0.00000E+00    0.00000E+00    0.00000E+00    0.00000E+00    0.00000E+00    0.33968E-13
    0.34600E+07    0.00000E+00    0.00000E+00    0.00000E+00    0.00000E+00    0.00000E+00    0.34364E-13
    0.34800E+07    0.00000E+00    0.00000E+00    0.00000E+00    0.00000E+00    0.00000E+00    0.34763E-13
    0.34800E+07    0.00000E+00    0.00000E+00    0.00000E+00    0.00000E+00    0.00000E+00    0.34763E-13
    0.34850E+07    0.00000E+00    0.00000E+00    0.00000E+00    0.00000E+00    0.00000E+00    0.34863E-13
    0.34900E+07    0.00000E+00    0.00000E+00    0.00000E+00    0.00000E+00    0.00000E+00    0.34963E-13
    0.34950E+07    0.00000E+00    0.00000E+00    0.00000E+00    0.00000E+00    0.00000E+00    0.35063E-13
    0.35000E+07    0.00000E+00    0.00000E+00    0.00000E+00    0.00000E+00    0.00000E+00    0.35163E-13
    0.35050E+07    0.00000E+00    0.00000E+00    0.00000E+00    0.00000E+00    0.00000E+00    0.35264E-13
    0.35100E+07    0.00000E+00    0.00000E+00    0.00000E+00    0.00000E+00    0.00000E+00    0.35364E-13
    0.35150E+07    0.00000E+00    0.00000E+00    0.00000E+00    0.00000E+00    0.00000E+00    0.35465E-13
    0.35200E+07    0.00000E+00    0.00000E+00    0.00000E+00    0.00000E+00    0.00000E+00    0.35566E-13
    0.35250E+07    0.00000E+00    0.00000E+00    0.00000E+00    0.00000E+00    0.00000E+00    0.35667E-13
    0.35300E+07    0.00000E+00    0.00000E+00    0.00000E+00    0.00000E+00    0.00000E+00    0.35769E-13
    0.35350E+07    0.00000E+00    0.00000E+00    0.00000E+00    0.00000E+00    0.00000E+00    0.35870E-13
    0.35400E+07    0.00000E+00    0.00000E+00    0.00000E+00    0.00000E+00    0.00000E+00    0.35972E-13
    0.35450E+07    0.00000E+00    0.00000E+00    0.00000E+00    0.00000E+00    0.00000E+00    0.36073E-13
    0.35500E+07    0.00000E+00    0.00000E+00    0.00000E+00    0.00000E+00    0.00000E+00    0.36175E-13
    0.35550E+07    0.00000E+00    0.00000E+00    0.00000E+00    0.00000E+00    0.00000E+00    0.36277E-13
    0.35600E+07    0.00000E+00    0.00000E+00    0.00000E+00    0.00000E+00    0.00000E+00    0.36379E-13
    0.35650E+07    0.00000E+00    0.00000E+00    0.00000E+00    0.00000E+00    0.00000E+00    0.36481E-13
    0.35700E+07    0.00000E+00    0.00000E+00    0.00000E+00    0.00000E+00    0.00000E+00    0.36584E-13
    0.35750E+07    0.00000E+00    0.00000E+00    0.00000E+00    0.00000E+00    0.00000E+00    0.36686E-13
    0.35800E+07    0.00000E+00    0.00000E+00    0.00000E+00    0.00000E+00    0.00000E+00    0.36789E-13
    0.35850E+07    0.00000E+00    0.00000E+00    0.00000E+00    0.00000E+00    0.00000E+00    0.36892E-13
    0.35900E+07    0.00000E+00    0.00000E+00    0.00000E+00    0.00000E+00    0.00000E+00    0.36995E-13
    0.35950E+07    0.00000E+00    0.00000E+00    0.00000E+00    0.00000E+00    0.00000E+00    0.37098E-13
    0.36000E+07    0.00000E+00    0.00000E+00    0.00000E+00    0.00000E+00    0.00000E+00    0.37201E-13
    0.36050E+07    0.00000E+00    0.00000E+00    0.00000E+00    0.00000E+00    0.00000E+00    0.37305E-13
    0.36100E+07    0.00000E+00    0.00000E+00    0.00000E+00    0.00000E+00    0.00000E+00    0.37408E-13
    0.36150E+07    0.00000E+00    0.00000E+00    0.00000E+00    0.00000E+00    0.00000E+00    0.37512E-13
    0.36200E+07    0.00000E+00    0.00000E+00    0.00000E+00    0.00000E+00    0.00000E+00    0.37616E-13
    0.36250E+07    0.00000E+00    0.00000E+00    0.00000E+00    0.00000E+00    0.00000E+00    0.37720E-13
    0.36300E+07    0.00000E+00    0.00000E+00    0.00000E+00    0.00000E+00    0.00000E+00    0.37824E-13
    0.36300E+07    0.00000E+00    0.00000E+00    0.00000E+00    0.00000E+00    0.00000E+00    0.37824E-13
    0.36350E+07    0.00000E+00    0.00000E+00    0.00000E+00    0.00000E+00    0.00000E+00    0.37928E-13
    0.36400E+07    0.00000E+00    0.00000E+00    0.00000E+00    0.00000E+00    0.00000E+00    0.38033E-13
    0.36450E+07    0.00000E+00    0.00000E+00    0.00000E+00    0.00000E+00    0.00000E+00    0.38137E-13
    0.36500E+07    0.00000E+00    0.00000E+00    0.00000E+00    0.00000E+00    0.00000E+00    0.38242E-13
    0.36550E+07    0.00000E+00    0.00000E+00    0.00000E+00    0.00000E+00    0.00000E+00    0.38347E-13
    0.36600E+07    0.00000E+00    0.00000E+00    0.00000E+00    0.00000E+00    0.00000E+00    0.38452E-13
    0.36650E+07    0.00000E+00    0.00000E+00    0.00000E+00    0.00000E+00    0.00000E+00    0.38557E-13
    0.36700E+07    0.00000E+00    0.00000E+00    0.00000E+00    0.00000E+00    0.00000E+00    0.38662E-13
    0.36750E+07    0.00000E+00    0.00000E+00    0.00000E+00    0.00000E+00    0.00000E+00    0.38768E-13
    0.36800E+07    0.00000E+00    0.00000E+00    0.00000E+00    0.00000E+00    0.00000E+00    0.38873E-13
    0.36850E+07    0.00000E+00    0.00000E+00    0.00000E+00    0.00000E+00    0.00000E+00    0.38979E-13
    0.36900E+07    0.00000E+00    0.00000E+00    0.00000E+00    0.00000E+00    0.00000E+00    0.39085E-13
    0.36950E+07    0.00000E+00    0.00000E+00    0.00000E+00    0.00000E+00    0.00000E+00    0.39191E-13
    0.37000E+07    0.00000E+00    0.00000E+00    0.00000E+00    0.00000E+00    0.00000E+00    0.39297E-13
    0.37050E+07    0.00000E+00    0.00000E+00    0.00000E+00    0.00000E+00    0.00000E+00    0.39403E-13
    0.37100E+07    0.00000E+00    0.00000E+00    0.00000E+00    0.00000E+00    0.00000E+00    0.39509E-13
    0.37150E+07    0.00000E+00    0.00000E+00    0.00000E+00    0.00000E+00    0.00000E+00    0.39616E-13
    0.37200E+07    0.00000E+00    0.00000E+00    0.00000E+00    0.00000E+00    0.00000E+00    0.39723E-13
    0.37250E+07    0.00000E+00    0.00000E+00    0.00000E+00    0.00000E+00    0.00000E+00    0.39830E-13
    0.37300E+07    0.00000E+00    0.00000E+00    0.00000E+00    0.00000E+00    0.00000E+00    0.39937E-13
    0.37350E+07    0.00000E+00    0.00000E+00    0.00000E+00    0.00000E+00    0.00000E+00    0.40044E-13
    0.37400E+07    0.00000E+00    0.00000E+00    0.00000E+00    0.00000E+00    0.00000E+00    0.40151E-13
    0.37450E+07    0.00000E+00    0.00000E+00    0.00000E+00    0.00000E+00    0.00000E+00    0.40258E-13
    0.37500E+07    0.00000E+00    0.00000E+00    0.00000E+00    0.00000E+00    0.00000E+00    0.40366E-13
    0.37550E+07    0.00000E+00    0.00000E+00    0.00000E+00    0.00000E+00    0.00000E+00    0.40474E-13
    0.37600E+07    0.00000E+00    0.00000E+00    0.00000E+00    0.00000E+00    0.00000E+00    0.40582E-13
    0.37650E+07    0.00000E+00    0.00000E+00    0.00000E+00    0.00000E+00    0.00000E+00    0.40690E-13
    0.37700E+07    0.00000E+00    0.00000E+00    0.00000E+00    0.00000E+00    0.00000E+00    0.40798E-13
    0.37750E+07    0.00000E+00    0.00000E+00    0.00000E+00    0.00000E+00    0.00000E+00    0.40906E-13
    0.37800E+07    0.00000E+00    0.00000E+00    0.00000E+00    0.00000E+00    0.00000E+00    0.41014E-13
    0.37850E+07    0.00000E+00    0.00000E+00    0.00000E+00    0.00000E+00    0.00000E+00    0.41123E-13
    0.37900E+07    0.00000E+00    0.00000E+00    0.00000E+00    0.00000E+00    0.00000E+00    0.41232E-13
    0.37950E+07    0.00000E+00    0.00000E+00    0.00000E+00    0.00000E+00    0.00000E+00    0.41341E-13
    0.38000E+07    0.00000E+00    0.00000E+00    0.00000E+00    0.00000E+00    0.00000E+00    0.41450E-13
    0.38050E+07    0.00000E+00    0.00000E+00    0.00000E+00    0.00000E+00    0.00000E+00    0.41559E-13
    0.38100E+07    0.00000E+00    0.00000E+00    0.00000E+00    0.00000E+00    0.00000E+00    0.41668E-13
    0.38150E+07    0.00000E+00    0.00000E+00    0.00000E+00    0.00000E+00    0.00000E+00    0.41777E-13
    0.38200E+07    0.00000E+00    0.00000E+00    0.00000E+00    0.00000E+00    0.00000E+00    0.41887E-13
    0.38250E+07    0.00000E+00    0.00000E+00    0.00000E+00    0.00000E+00    0.00000E+00    0.41997E-13
    0.38300E+07    0.00000E+00    0.00000E+00    0.00000E+00    0.00000E+00    0.00000E+00    0.42107E-13
    0.38350E+07    0.00000E+00    0.00000E+00    0.00000E+00    0.00000E+00    0.00000E+00    0.42217E-13
    0.38400E+07    0.00000E+00    0.00000E+00    0.00000E+00    0.00000E+00    0.00000E+00    0.42327E-13
    0.38450E+07    0.00000E+00    0.00000E+00    0.00000E+00    0.00000E+00    0.00000E+00    0.42437E-13
    0.38500E+07    0.00000E+00    0.00000E+00    0.00000E+00    0.00000E+00    0.00000E+00    0.42548E-13
    0.38550E+07    0.00000E+00    0.00000E+00    0.00000E+00    0.00000E+00    0.00000E+00    0.42658E-13
    0.38600E+07    0.00000E+00    0.00000E+00    0.00000E+00    0.00000E+00    0.00000E+00    0.42769E-13
    0.38650E+07    0.00000E+00    0.00000E+00    0.00000E+00    0.00000E+00    0.00000E+00    0.42880E-13
    0.38700E+07    0.00000E+00    0.00000E+00    0.00000E+00    0.00000E+00    0.00000E+00    0.42991E-13
    0.38750E+07    0.00000E+00    0.00000E+00    0.00000E+00    0.00000E+00    0.00000E+00    0.43102E-13
    0.38800E+07    0.00000E+00    0.00000E+00    0.00000E+00    0.00000E+00    0.00000E+00    0.43213E-13
    0.38850E+07    0.00000E+00    0.00000E+00    0.00000E+00    0.00000E+00    0.00000E+00    0.43325E-13
    0.38900E+07    0.00000E+00    0.00000E+00    0.00000E+00    0.00000E+00    0.00000E+00    0.43436E-13
    0.38950E+07    0.00000E+00    0.00000E+00    0.00000E+00    0.00000E+00    0.00000E+00    0.43548E-13
    0.39000E+07    0.00000E+00    0.00000E+00    0.00000E+00    0.00000E+00    0.00000E+00    0.43660E-13
    0.39050E+07    0.00000E+00    0.00000E+00    0.00000E+00    0.00000E+00    0.00000E+00    0.43772E-13
    0.39100E+07    0.00000E+00    0.00000E+00    0.00000E+00    0.00000E+00    0.00000E+00    0.43884E-13
    0.39150E+07    0.00000E+00    0.00000E+00    0.00000E+00    0.00000E+00    0.00000E+00    0.43996E-13
    0.39200E+07    0.00000E+00    0.00000E+00    0.00000E+00    0.00000E+00    0.00000E+00    0.44109E-13
    0.39250E+07    0.00000E+00    0.00000E+00    0.00000E+00    0.00000E+00    0.00000E+00    0.44221E-13
    0.39300E+07    0.00000E+00    0.00000E+00    0.00000E+00    0.00000E+00    0.00000E+00    0.44334E-13
    0.39350E+07    0.00000E+00    0.00000E+00    0.00000E+00    0.00000E+00    0.00000E+00    0.44447E-13
    0.39400E+07    0.00000E+00    0.00000E+00    0.00000E+00    0.00000E+00    0.00000E+00    0.44560E-13
    0.39450E+07    0.00000E+00    0.00000E+00    0.00000E+00    0.00000E+00    0.00000E+00    0.44673E-13
    0.39500E+07    0.00000E+00    0.00000E+00    0.00000E+00    0.00000E+00    0.00000E+00    0.44787E-13
    0.39550E+07    0.00000E+00    0.00000E+00    0.00000E+00    0.00000E+00    0.00000E+00    0.44900E-13
    0.39600E+07    0.00000E+00    0.00000E+00    0.00000E+00    0.00000E+00    0.00000E+00    0.45014E-13
    0.39650E+07    0.00000E+00    0.00000E+00    0.00000E+00    0.00000E+00    0.00000E+00    0.45127E-13
    0.39700E+07    0.00000E+00    0.00000E+00    0.00000E+00    0.00000E+00    0.00000E+00    0.45241E-13
    0.39750E+07    0.00000E+00    0.00000E+00    0.00000E+00    0.00000E+00    0.00000E+00    0.45355E-13
    0.39800E+07    0.00000E+00    0.00000E+00    0.00000E+00    0.00000E+00    0.00000E+00    0.45469E-13
    0.39850E+07    0.00000E+00    0.00000E+00    0.00000E+00    0.00000E+00    0.00000E+00    0.45584E-13
    0.39900E+07    0.00000E+00    0.00000E+00    0.00000E+00    0.00000E+00    0.00000E+00    0.45698E-13
    0.39950E+07    0.00000E+00    0.00000E+00    0.00000E+00    0.00000E+00    0.00000E+00    0.45813E-13
    0.40000E+07    0.00000E+00    0.00000E+00    0.00000E+00    0.00000E+00    0.00000E+00    0.45928E-13
    0.40050E+07    0.00000E+00    0.00000E+00    0.00000E+00    0.00000E+00    0.00000E+00    0.46042E-13
    0.40100E+07    0.00000E+00    0.00000E+00    0.00000E+00    0.00000E+00    0.00000E+00    0.46157E-13
    0.40150E+07    0.00000E+00    0.00000E+00    0.00000E+00    0.00000E+00    0.00000E+00    0.46273E-13
    0.40200E+07    0.00000E+00    0.00000E+00    0.00000E+00    0.00000E+00    0.00000E+00    0.46388E-13
    0.40250E+07    0.00000E+00    0.00000E+00    0.00000E+00    0.00000E+00    0.00000E+00    0.46503E-13
    0.40300E+07    0.00000E+00    0.00000E+00    0.00000E+00    0.00000E+00    0.00000E+00    0.46619E-13
    0.40350E+07    0.00000E+00    0.00000E+00    0.00000E+00    0.00000E+00    0.00000E+00    0.46735E-13
    0.40400E+07    0.00000E+00    0.00000E+00    0.00000E+00    0.00000E+00    0.00000E+00    0.46851E-13
    0.40450E+07    0.00000E+00    0.00000E+00    0.00000E+00    0.00000E+00    0.00000E+00    0.46967E-13
    0.40500E+07    0.00000E+00    0.00000E+00    0.00000E+00    0.00000E+00    0.00000E+00    0.47083E-13
    0.40550E+07    0.00000E+00    0.00000E+00    0.00000E+00    0.00000E+00    0.00000E+00    0.47199E-13
    0.40600E+07    0.00000E+00    0.00000E+00    0.00000E+00    0.00000E+00    0.00000E+00    0.47316E-13
    0.40650E+07    0.00000E+00    0.00000E+00    0.00000E+00    0.00000E+00    0.00000E+00    0.47432E-13
    0.40700E+07    0.00000E+00    0.00000E+00    0.00000E+00    0.00000E+00    0.00000E+00    0.47549E-13
    0.40750E+07    0.00000E+00    0.00000E+00    0.00000E+00    0.00000E+00    0.00000E+00    0.47666E-13
    0.40800E+07    0.00000E+00    0.00000E+00    0.00000E+00    0.00000E+00    0.00000E+00    0.47783E-13
    0.40850E+07    0.00000E+00    0.00000E+00    0.00000E+00    0.00000E+00    0.00000E+00    0.47900E-13
    0.40900E+07    0.00000E+00    0.00000E+00    0.00000E+00    0.00000E+00    0.00000E+00    0.48018E-13
    0.40950E+07    0.00000E+00    0.00000E+00    0.00000E+00    0.00000E+00    0.00000E+00    0.48135E-13
    0.41000E+07    0.00000E+00    0.00000E+00    0.00000E+00    0.00000E+00    0.00000E+00    0.48253E-13
    0.41050E+07    0.00000E+00    0.00000E+00    0.00000E+00    0.00000E+00    0.00000E+00    0.48370E-13
    0.41100E+07    0.00000E+00    0.00000E+00    0.00000E+00    0.00000E+00    0.00000E+00    0.48488E-13
    0.41150E+07    0.00000E+00    0.00000E+00    0.00000E+00    0.00000E+00    0.00000E+00    0.48606E-13
    0.41200E+07    0.00000E+00    0.00000E+00    0.00000E+00    0.00000E+00    0.00000E+00    0.48725E-13
    0.41250E+07    0.00000E+00    0.00000E+00    0.00000E+00    0.00000E+00    0.00000E+00    0.48843E-13
    0.41300E+07    0.00000E+00    0.00000E+00    0.00000E+00    0.00000E+00    0.00000E+00    0.48961E-13
    0.41350E+07    0.00000E+00    0.00000E+00    0.00000E+00    0.00000E+00    0.00000E+00    0.49080E-13
    0.41400E+07    0.00000E+00    0.00000E+00    0.00000E+00    0.00000E+00    0.00000E+00    0.49199E-13
    0.41450E+07    0.00000E+00    0.00000E+00    0.00000E+00    0.00000E+00    0.00000E+00    0.49318E-13
    0.41500E+07    0.00000E+00    0.00000E+00    0.00000E+00    0.00000E+00    0.00000E+00    0.49437E-13
    0.41550E+07    0.00000E+00    0.00000E+00    0.00000E+00    0.00000E+00    0.00000E+00    0.49556E-13
    0.41600E+07    0.00000E+00    0.00000E+00    0.00000E+00    0.00000E+00    0.00000E+00    0.49675E-13
    0.41650E+07    0.00000E+00    0.00000E+00    0.00000E+00    0.00000E+00    0.00000E+00    0.49795E-13
    0.41700E+07    0.00000E+00    0.00000E+00    0.00000E+00    0.00000E+00    0.00000E+00    0.49914E-13
    0.41750E+07    0.00000E+00    0.00000E+00    0.00000E+00    0.00000E+00    0.00000E+00    0.50034E-13
    0.41800E+07    0.00000E+00    0.00000E+00    0.00000E+00    0.00000E+00    0.00000E+00    0.50154E-13
    0.41850E+07    0.00000E+00    0.00000E+00    0.00000E+00    0.00000E+00    0.00000E+00    0.50274E-13
    0.41900E+07    0.00000E+00    0.00000E+00    0.00000E+00    0.00000E+00    0.00000E+00    0.50394E-13
    0.41950E+07    0.00000E+00    0.00000E+00    0.00000E+00    0.00000E+00    0.00000E+00    0.50515E-13
    0.42000E+07    0.00000E+00    0.00000E+00    0.00000E+00    0.00000E+00    0.00000E+00    0.50635E-13
    0.42050E+07    0.00000E+00    0.00000E+00    0.00000E+00    0.00000E+00    0.00000E+00    0.50756E-13
    0.42100E+07    0.00000E+00    0.00000E+00    0.00000E+00    0.00000E+00    0.00000E+00    0.50877E-13
    0.42150E+07    0.00000E+00    0.00000E+00    0.00000E+00    0.00000E+00    0.00000E+00    0.50997E-13
    0.42200E+07    0.00000E+00    0.00000E+00    0.00000E+00    0.00000E+00    0.00000E+00    0.51118E-13
    0.42250E+07    0.00000E+00    0.00000E+00    0.00000E+00    0.00000E+00    0.00000E+00    0.51240E-13
    0.42300E+07    0.00000E+00    0.00000E+00    0.00000E+00    0.00000E+00    0.00000E+00    0.51361E-13
    0.42350E+07    0.00000E+00    0.00000E+00    0.00000E+00    0.00000E+00    0.00000E+00    0.51483E-13
    0.42400E+07    0.00000E+00    0.00000E+00    0.00000E+00    0.00000E+00    0.00000E+00    0.51604E-13
    0.42450E+07    0.00000E+00    0.00000E+00    0.00000E+00    0.00000E+00    0.00000E+00    0.51726E-13
    0.42500E+07    0.00000E+00    0.00000E+00    0.00000E+00    0.00000E+00    0.00000E+00    0.51848E-13
    0.42550E+07    0.00000E+00    0.00000E+00    0.00000E+00    0.00000E+00    0.00000E+00    0.51970E-13
    0.42600E+07    0.00000E+00    0.00000E+00    0.00000E+00    0.00000E+00    0.00000E+00    0.52092E-13
    0.42650E+07    0.00000E+00    0.00000E+00    0.00000E+00    0.00000E+00    0.00000E+00    0.52215E-13
    0.42700E+07    0.00000E+00    0.00000E+00    0.00000E+00    0.00000E+00    0.00000E+00    0.52337E-13
    0.42750E+07    0.00000E+00    0.00000E+00    0.00000E+00    0.00000E+00    0.00000E+00    0.52460E-13
    0.42800E+07    0.00000E+00    0.00000E+00    0.00000E+00    0.00000E+00    0.00000E+00    0.52582E-13
    0.42850E+07    0.00000E+00    0.00000E+00    0.00000E+00    0.00000E+00    0.00000E+00    0.52705E-13
    0.42900E+07    0.00000E+00    0.00000E+00    0.00000E+00    0.00000E+00    0.00000E+00    0.52828E-13
    0.42950E+07    0.00000E+00    0.00000E+00    0.00000E+00    0.00000E+00    0.00000E+00    0.52952E-13
    0.43000E+07    0.00000E+00    0.00000E+00    0.00000E+00    0.00000E+00    0.00000E+00    0.53075E-13
    0.43050E+07    0.00000E+00    0.00000E+00    0.00000E+00    0.00000E+00    0.00000E+00    0.53199E-13
    0.43100E+07    0.00000E+00    0.00000E+00    0.00000E+00    0.00000E+00    0.00000E+00    0.53322E-13
    0.43150E+07    0.00000E+00    0.00000E+00    0.00000E+00    0.00000E+00    0.00000E+00    0.53446E-13
    0.43200E+07    0.00000E+00    0.00000E+00    0.00000E+00    0.00000E+00    0.00000E+00    0.53570E-13
    0.43250E+07    0.00000E+00    0.00000E+00    0.00000E+00    0.00000E+00    0.00000E+00    0.53694E-13
    0.43300E+07    0.00000E+00    0.00000E+00    0.00000E+00    0.00000E+00    0.00000E+00    0.53818E-13
    0.43350E+07    0.00000E+00    0.00000E+00    0.00000E+00    0.00000E+00    0.00000E+00    0.53943E-13
    0.43400E+07    0.00000E+00    0.00000E+00    0.00000E+00    0.00000E+00    0.00000E+00    0.54067E-13
    0.43450E+07    0.00000E+00    0.00000E+00    0.00000E+00    0.00000E+00    0.00000E+00    0.54192E-13
    0.43500E+07    0.00000E+00    0.00000E+00    0.00000E+00    0.00000E+00    0.00000E+00    0.54316E-13
    0.43550E+07    0.00000E+00    0.00000E+00    0.00000E+00    0.00000E+00    0.00000E+00    0.54441E-13
    0.43600E+07    0.00000E+00    0.00000E+00    0.00000E+00    0.00000E+00    0.00000E+00    0.54567E-13
    0.43650E+07    0.00000E+00    0.00000E+00    0.00000E+00    0.00000E+00    0.00000E+00    0.54692E-13
    0.43700E+07    0.00000E+00    0.00000E+00    0.00000E+00    0.00000E+00    0.00000E+00    0.54817E-13
    0.43750E+07    0.00000E+00    0.00000E+00    0.00000E+00    0.00000E+00    0.00000E+00    0.54943E-13
    0.43800E+07    0.00000E+00    0.00000E+00    0.00000E+00    0.00000E+00    0.00000E+00    0.55068E-13
    0.43850E+07    0.00000E+00    0.00000E+00    0.00000E+00    0.00000E+00    0.00000E+00    0.55194E-13
    0.43900E+07    0.00000E+00    0.00000E+00    0.00000E+00    0.00000E+00    0.00000E+00    0.55320E-13
    0.43950E+07    0.00000E+00    0.00000E+00    0.00000E+00    0.00000E+00    0.00000E+00    0.55446E-13
    0.44000E+07    0.00000E+00    0.00000E+00    0.00000E+00    0.00000E+00    0.00000E+00    0.55572E-13
    0.44050E+07    0.00000E+00    0.00000E+00    0.00000E+00    0.00000E+00    0.00000E+00    0.55699E-13
    0.44100E+07    0.00000E+00    0.00000E+00    0.00000E+00    0.00000E+00    0.00000E+00    0.55825E-13
    0.44150E+07    0.00000E+00    0.00000E+00    0.00000E+00    0.00000E+00    0.00000E+00    0.55952E-13
    0.44200E+07    0.00000E+00    0.00000E+00    0.00000E+00    0.00000E+00    0.00000E+00    0.56079E-13
    0.44250E+07    0.00000E+00    0.00000E+00    0.00000E+00    0.00000E+00    0.00000E+00    0.56206E-13
    0.44300E+07    0.00000E+00    0.00000E+00    0.00000E+00    0.00000E+00    0.00000E+00    0.56333E-13
    0.44350E+07    0.00000E+00    0.00000E+00    0.00000E+00    0.00000E+00    0.00000E+00    0.56460E-13
    0.44400E+07    0.00000E+00    0.00000E+00    0.00000E+00    0.00000E+00    0.00000E+00    0.56587E-13
    0.44450E+07    0.00000E+00    0.00000E+00    0.00000E+00    0.00000E+00    0.00000E+00    0.56715E-13
    0.44500E+07    0.00000E+00    0.00000E+00    0.00000E+00    0.00000E+00    0.00000E+00    0.56842E-13
    0.44550E+07    0.00000E+00    0.00000E+00    0.00000E+00    0.00000E+00    0.00000E+00    0.56970E-13
    0.44600E+07    0.00000E+00    0.00000E+00    0.00000E+00    0.00000E+00    0.00000E+00    0.57098E-13
    0.44650E+07    0.00000E+00    0.00000E+00    0.00000E+00    0.00000E+00    0.00000E+00    0.57226E-13
    0.44700E+07    0.00000E+00    0.00000E+00    0.00000E+00    0.00000E+00    0.00000E+00    0.57355E-13
    0.44750E+07    0.00000E+00    0.00000E+00    0.00000E+00    0.00000E+00    0.00000E+00    0.57483E-13
    0.44800E+07    0.00000E+00    0.00000E+00    0.00000E+00    0.00000E+00    0.00000E+00    0.57611E-13
    0.44850E+07    0.00000E+00    0.00000E+00    0.00000E+00    0.00000E+00    0.00000E+00    0.57740E-13
    0.44900E+07    0.00000E+00    0.00000E+00    0.00000E+00    0.00000E+00    0.00000E+00    0.57869E-13
    0.44950E+07    0.00000E+00    0.00000E+00    0.00000E+00    0.00000E+00    0.00000E+00    0.57998E-13
    0.45000E+07    0.00000E+00    0.00000E+00    0.00000E+00    0.00000E+00    0.00000E+00    0.58127E-13
    0.45050E+07    0.00000E+00    0.00000E+00    0.00000E+00    0.00000E+00    0.00000E+00    0.58256E-13
    0.45100E+07    0.00000E+00    0.00000E+00    0.00000E+00    0.00000E+00    0.00000E+00    0.58386E-13
    0.45150E+07    0.00000E+00    0.00000E+00    0.00000E+00    0.00000E+00    0.00000E+00    0.58515E-13
    0.45200E+07    0.00000E+00    0.00000E+00    0.00000E+00    0.00000E+00    0.00000E+00    0.58645E-13
    0.45250E+07    0.16361E-30    0.37712E-31    0.86465E-33   -0.37708E-31   -0.19438E-27    0.58775E-13
    0.45300E+07    0.20142E-30    0.46423E-31    0.10633E-32   -0.46418E-31   -0.23891E-27    0.58905E-13
    0.45350E+07    0.24791E-30    0.57138E-31    0.13077E-32   -0.57131E-31   -0.29363E-27    0.59035E-13
    0.45400E+07    0.48601E-30    0.11201E-30    0.25562E-32   -0.11200E-30   -0.57524E-27    0.59165E-13
    0.45450E+07    0.59826E-30    0.13789E-30    0.31445E-32   -0.13787E-30   -0.70718E-27    0.59295E-13
    0.45500E+07    0.73621E-30    0.16971E-30    0.38677E-32   -0.16969E-30   -0.86926E-27    0.59426E-13
    0.45550E+07    0.90570E-30    0.20882E-30    0.47566E-32   -0.20879E-30   -0.10683E-26    0.59557E-13
    0.45600E+07    0.11139E-29    0.25687E-30    0.58488E-32   -0.25682E-30   -0.13126E-26    0.59687E-13
    0.45650E+07    0.13695E-29    0.31587E-30    0.71903E-32   -0.31582E-30   -0.16123E-26    0.59818E-13
    0.45700E+07    0.16833E-29    0.38831E-30    0.88376E-32   -0.38824E-30   -0.19799E-26    0.59949E-13
    0.45750E+07    0.20683E-29    0.47721E-30    0.10860E-31   -0.47712E-30   -0.24306E-26    0.60081E-13
    0.45800E+07    0.25407E-29    0.58627E-30    0.13341E-31   -0.58616E-30   -0.29831E-26    0.60212E-13
    0.45850E+07    0.31199E-29    0.72003E-30    0.16386E-31   -0.71989E-30   -0.36600E-26    0.60344E-13
    0.45900E+07    0.38301E-29    0.88400E-30    0.20119E-31   -0.88383E-30   -0.44891E-26    0.60475E-13
    0.45950E+07    0.47006E-29    0.10850E-29    0.24697E-31   -0.10848E-29   -0.55042E-26    0.60607E-13
    0.46000E+07    0.57671E-29    0.13312E-29    0.30307E-31   -0.13309E-29   -0.67468E-26    0.60739E-13
    0.46050E+07    0.70735E-29    0.16328E-29    0.37182E-31   -0.16325E-29   -0.82674E-26    0.60871E-13
    0.46100E+07    0.86733E-29    0.20021E-29    0.45604E-31   -0.20017E-29   -0.10127E-25    0.61004E-13
    0.46150E+07    0.10632E-28    0.24541E-29    0.55916E-31   -0.24536E-29   -0.12402E-25    0.61136E-13
    0.46200E+07    0.13028E-28    0.30072E-29    0.68540E-31   -0.30066E-29   -0.15183E-25    0.61268E-13
    0.46250E+07    0.15960E-28    0.36839E-29    0.83991E-31   -0.36831E-29   -0.18581E-25    0.61401E-13
    0.46300E+07    0.19546E-28    0.45114E-29    0.10289E-30   -0.45104E-29   -0.22733E-25    0.61534E-13
    0.46350E+07    0.23931E-28    0.55231E-29    0.12601E-30   -0.55219E-29   -0.27805E-25    0.61667E-13
    0.46400E+07    0.29290E-28    0.67596E-29    0.15428E-30   -0.67581E-29   -0.33997E-25    0.61800E-13
    0.46450E+07    0.35839E-28    0.82704E-29    0.18884E-30   -0.82685E-29   -0.41555E-25    0.61933E-13
    0.46500E+07    0.43840E-28    0.10116E-28    0.23107E-30   -0.10113E-28   -0.50779E-25    0.62067E-13
    0.46550E+07    0.53610E-28    0.12369E-28    0.28266E-30   -0.12366E-28   -0.62030E-25    0.62200E-13
    0.46600E+07    0.65538E-28    0.15120E-28    0.34566E-30   -0.15116E-28   -0.75752E-25    0.62334E-13
    0.46650E+07    0.80096E-28    0.18477E-28    0.42259E-30   -0.18472E-28   -0.92481E-25    0.62468E-13
    0.46700E+07    0.97858E-28    0.22572E-28    0.51648E-30   -0.22567E-28   -0.11287E-24    0.62602E-13
    0.46750E+07    0.11952E-27    0.27567E-28    0.63104E-30   -0.27561E-28   -0.13771E-24    0.62736E-13
    0.46800E+07    0.14595E-27    0.33657E-28    0.77079E-30   -0.33649E-28   -0.16797E-24    0.62870E-13
    0.46850E+07    0.17815E-27    0.41081E-28    0.94121E-30   -0.41071E-28   -0.20482E-24    0.63005E-13
    0.46900E+07    0.21740E-27    0.50126E-28    0.11490E-29   -0.50114E-28   -0.24968E-24    0.63139E-13
    0.46950E+07    0.26522E-27    0.61145E-28    0.14022E-29   -0.61130E-28   -0.30427E-24    0.63274E-13
    0.47000E+07    0.32347E-27    0.74565E-28    0.17107E-29   -0.74546E-28   -0.37068E-24    0.63409E-13
    0.47050E+07    0.39438E-27    0.90903E-28    0.20865E-29   -0.90880E-28   -0.45146E-24    0.63544E-13
    0.47100E+07    0.48070E-27    0.11079E-27    0.25440E-29   -0.11076E-27   -0.54967E-24    0.63679E-13
    0.47150E+07    0.58575E-27    0.13498E-27    0.31010E-29   -0.13495E-27   -0.66905E-24    0.63814E-13
    0.47200E+07    0.71354E-27    0.16441E-27    0.37789E-29   -0.16437E-27   -0.81411E-24    0.63949E-13
    0.47250E+07    0.86895E-27    0.20020E-27    0.46036E-29   -0.20015E-27   -0.99032E-24    0.64085E-13
    0.47300E+07    0.10579E-26    0.24371E-27    0.56066E-29   -0.24364E-27   -0.12043E-23    0.64221E-13
    0.47350E+07    0.12876E-26    0.29658E-27    0.68262E-29   -0.29650E-27   -0.14641E-23    0.64357E-13
    0.47400E+07    0.15666E-26    0.36082E-27    0.83086E-29   -0.36072E-27   -0.17795E-23    0.64493E-13
    0.47450E+07    0.19056E-26    0.43884E-27    0.10110E-28   -0.43873E-27   -0.21621E-23    0.64629E-13
    0.47500E+07    0.23172E-26    0.53358E-27    0.12298E-28   -0.53344E-27   -0.26262E-23    0.64765E-13
    0.47550E+07    0.28170E-26    0.64859E-27    0.14956E-28   -0.64841E-27   -0.31890E-23    0.64901E-13
    0.47600E+07    0.34235E-26    0.78815E-27    0.18183E-28   -0.78792E-27   -0.38712E-23    0.65038E-13
    0.47650E+07    0.41594E-26    0.95746E-27    0.22099E-28   -0.95719E-27   -0.46981E-23    0.65175E-13
    0.47700E+07    0.50520E-26    0.11628E-26    0.26852E-28   -0.11625E-26   -0.56998E-23    0.65312E-13
    0.47750E+07    0.61344E-26    0.14118E-26    0.32617E-28   -0.14114E-26   -0.69131E-23    0.65449E-13
    0.47800E+07    0.74465E-26    0.17135E-26    0.39608E-28   -0.17130E-26   -0.83822E-23    0.65586E-13
    0.47850E+07    0.90366E-26    0.20792E-26    0.48083E-28   -0.20786E-26   -0.10160E-22    0.65723E-13
    0.47900E+07    0.10963E-25    0.25222E-26    0.58356E-28   -0.25214E-26   -0.12312E-22    0.65860E-13
    0.47950E+07    0.13297E-25    0.30587E-26    0.70802E-28   -0.30578E-26   -0.14916E-22    0.65998E-13
    0.48000E+07    0.16122E-25    0.37082E-26    0.85879E-28   -0.37070E-26   -0.18064E-22    0.66136E-13
    0.48050E+07    0.19542E-25    0.44943E-26    0.10414E-27   -0.44929E-26   -0.21871E-22    0.66273E-13
    0.48100E+07    0.23680E-25    0.54455E-26    0.12624E-27   -0.54438E-26   -0.26472E-22    0.66411E-13
    0.48150E+07    0.28687E-25    0.65961E-26    0.15298E-27   -0.65940E-26   -0.32031E-22    0.66550E-13
    0.48200E+07    0.34742E-25    0.79875E-26    0.18535E-27   -0.79850E-26   -0.38747E-22    0.66688E-13
    0.48250E+07    0.42063E-25    0.96696E-26    0.22449E-27   -0.96665E-26   -0.46857E-22    0.66826E-13
    0.48300E+07    0.50913E-25    0.11703E-25    0.27182E-27   -0.11699E-25   -0.56648E-22    0.66965E-13
    0.48350E+07    0.61606E-25    0.14159E-25    0.32904E-27   -0.14154E-25   -0.68465E-22    0.67104E-13
    0.48400E+07    0.74523E-25    0.17126E-25    0.39819E-27   -0.17120E-25   -0.82723E-22    0.67243E-13
    0.48450E+07    0.90124E-25    0.20708E-25    0.48173E-27   -0.20702E-25   -0.99921E-22    0.67381E-13
    0.48500E+07    0.10896E-24    0.25033E-25    0.58263E-27   -0.25025E-25   -0.12066E-21    0.67521E-13
    0.48550E+07    0.13169E-24    0.30253E-25    0.70446E-27   -0.30243E-25   -0.14566E-21    0.67660E-13
    0.48600E+07    0.15912E-24    0.36550E-25    0.85153E-27   -0.36538E-25   -0.17579E-21    0.67799E-13
    0.48650E+07    0.19221E-24    0.44145E-25    0.10290E-26   -0.44130E-25   -0.21209E-21    0.67939E-13
    0.48700E+07    0.23211E-24    0.53304E-25    0.12431E-26   -0.53285E-25   -0.25580E-21    0.68079E-13
    0.48750E+07    0.28021E-24    0.64343E-25    0.15013E-26   -0.64321E-25   -0.30845E-21    0.68219E-13
    0.48800E+07    0.33819E-24    0.77647E-25    0.18127E-26   -0.77620E-25   -0.37181E-21    0.68359E-13
    0.48850E+07    0.40804E-24    0.93675E-25    0.21880E-26   -0.93641E-25   -0.44806E-21    0.68499E-13
    0.48900E+07    0.49218E-24    0.11298E-24    0.26402E-26   -0.11294E-24   -0.53980E-21    0.68639E-13
    0.48950E+07    0.59350E-24    0.13622E-24    0.31850E-26   -0.13617E-24   -0.65012E-21    0.68779E-13
    0.49000E+07    0.71547E-24    0.16420E-24    0.38411E-26   -0.16414E-24   -0.78277E-21    0.68920E-13
    0.49050E+07    0.86226E-24    0.19786E-24    0.46311E-26   -0.19779E-24   -0.94221E-21    0.69061E-13
    0.49100E+07    0.10389E-23    0.23837E-24    0.55819E-26   -0.23827E-24   -0.11338E-20    0.69202E-13
    0.49150E+07    0.12513E-23    0.28707E-24    0.67261E-26   -0.28696E-24   -0.13639E-20    0.69343E-13
    0.49200E+07    0.15067E-23    0.34564E-24    0.81024E-26   -0.34550E-24   -0.16403E-20    0.69484E-13
    0.49250E+07    0.18138E-23    0.41603E-24    0.97576E-26   -0.41586E-24   -0.19721E-20    0.69625E-13
    0.49300E+07    0.21828E-23    0.50061E-24    0.11748E-25   -0.50041E-24   -0.23704E-20    0.69766E-13
    0.49350E+07    0.26261E-23    0.60222E-24    0.14140E-25   -0.60198E-24   -0.28482E-20    0.69908E-13
    0.49400E+07    0.31586E-23    0.72425E-24    0.17014E-25   -0.72395E-24   -0.34214E-20    0.70050E-13
    0.49450E+07    0.37979E-23    0.87075E-24    0.20466E-25   -0.87039E-24   -0.41088E-20    0.70192E-13
    0.49500E+07    0.45653E-23    0.10466E-23    0.24612E-25   -0.10461E-23   -0.49328E-20    0.70334E-13
    0.49550E+07    0.54863E-23    0.12576E-23    0.29590E-25   -0.12570E-23   -0.59203E-20    0.70476E-13
    0.49600E+07    0.65911E-23    0.15107E-23    0.35564E-25   -0.15100E-23   -0.71035E-20    0.70618E-13
    0.49650E+07    0.79162E-23    0.18142E-23    0.42732E-25   -0.18134E-23   -0.85206E-20    0.70761E-13
    0.49700E+07    0.95049E-23    0.21780E-23    0.51330E-25   -0.21771E-23   -0.10218E-19    0.70903E-13
    0.49750E+07    0.11409E-22    0.26141E-23    0.61641E-25   -0.26130E-23   -0.12249E-19    0.71046E-13
    0.49800E+07    0.13691E-22    0.31366E-23    0.74003E-25   -0.31352E-23   -0.14680E-19    0.71189E-13
    0.49850E+07    0.16425E-22    0.37625E-23    0.88818E-25   -0.37608E-23   -0.17588E-19    0.71332E-13
    0.49900E+07    0.19699E-22    0.45120E-23    0.10657E-24   -0.45099E-23   -0.21066E-19    0.71475E-13
    0.49950E+07    0.23619E-22    0.54092E-23    0.12783E-24   -0.54067E-23   -0.25225E-19    0.71618E-13
    0.50000E+07    0.28310E-22    0.64830E-23    0.15329E-24   -0.64800E-23   -0.30196E-19    0.71762E-13
    0.50050E+07    0.33924E-22    0.77679E-23    0.18377E-24   -0.77642E-23   -0.36137E-19    0.71905E-13
    0.50100E+07    0.40640E-22    0.93046E-23    0.22025E-24   -0.93001E-23   -0.43233E-19    0.72049E-13
    0.50150E+07    0.48671E-22    0.11142E-22    0.26390E-24   -0.11137E-22   -0.51708E-19    0.72193E-13
    0.50200E+07    0.58273E-22    0.13339E-22    0.31610E-24   -0.13332E-22   -0.61827E-19    0.72337E-13
    0.50250E+07    0.69749E-22    0.15964E-22    0.37852E-24   -0.15956E-22   -0.73903E-19    0.72481E-13
    0.50300E+07    0.83460E-22    0.19100E-22    0.45315E-24   -0.19091E-22   -0.88314E-19    0.72625E-13
    0.50350E+07    0.99840E-22    0.22846E-22    0.54233E-24   -0.22835E-22   -0.10550E-18    0.72770E-13
    0.50400E+07    0.11940E-21    0.27319E-22    0.64888E-24   -0.27305E-22   -0.12600E-18    0.72915E-13
    0.50450E+07    0.14275E-21    0.32659E-22    0.77614E-24   -0.32642E-22   -0.15044E-18    0.73059E-13
    0.50500E+07    0.17062E-21    0.39031E-22    0.92810E-24   -0.39010E-22   -0.17957E-18    0.73204E-13
    0.50550E+07    0.20387E-21    0.46633E-22    0.11095E-23   -0.46608E-22   -0.21427E-18    0.73349E-13
    0.50600E+07    0.24353E-21    0.55699E-22    0.13260E-23   -0.55669E-22   -0.25561E-18    0.73494E-13
    0.50650E+07    0.29083E-21    0.66509E-22    0.15842E-23   -0.66473E-22   -0.30482E-18    0.73640E-13
    0.50700E+07    0.34721E-21    0.79395E-22    0.18923E-23   -0.79351E-22   -0.36342E-18    0.73785E-13
    0.50750E+07    0.41440E-21    0.94750E-22    0.22595E-23   -0.94697E-22   -0.43314E-18    0.73931E-13
    0.50800E+07    0.49445E-21    0.11304E-21    0.26974E-23   -0.11298E-21   -0.51610E-18    0.74077E-13
    0.50850E+07    0.58980E-21    0.13483E-21    0.32191E-23   -0.13475E-21   -0.61477E-18    0.74222E-13
    0.50900E+07    0.70334E-21    0.16077E-21    0.38406E-23   -0.16067E-21   -0.73209E-18    0.74368E-13
    0.50950E+07    0.83849E-21    0.19164E-21    0.45809E-23   -0.19153E-21   -0.87154E-18    0.74515E-13
    0.51000E+07    0.99933E-21    0.22838E-21    0.54623E-23   -0.22824E-21   -0.10372E-17    0.74661E-13
    0.51050E+07    0.11907E-20    0.27208E-21    0.65114E-23   -0.27191E-21   -0.12341E-17    0.74807E-13
    0.51100E+07    0.14182E-20    0.32405E-21    0.77598E-23   -0.32385E-21   -0.14679E-17    0.74954E-13
    0.51150E+07    0.16888E-20    0.38584E-21    0.92449E-23   -0.38560E-21   -0.17455E-17    0.75101E-13
    0.51200E+07    0.20105E-20    0.45928E-21    0.11011E-22   -0.45899E-21   -0.20749E-17    0.75248E-13
    0.51250E+07    0.23927E-20    0.54654E-21    0.13111E-22   -0.54619E-21   -0.24658E-17    0.75395E-13
    0.51300E+07    0.28467E-20    0.65020E-21    0.15607E-22   -0.64977E-21   -0.29295E-17    0.75542E-13
    0.51350E+07    0.33860E-20    0.77329E-21    0.18573E-22   -0.77277E-21   -0.34794E-17    0.75689E-13
    0.51400E+07    0.40262E-20    0.91941E-21    0.22096E-22   -0.91880E-21   -0.41313E-17    0.75837E-13
    0.51450E+07    0.47861E-20    0.10928E-20    0.26281E-22   -0.10921E-20   -0.49038E-17    0.75984E-13
    0.51500E+07    0.56878E-20    0.12986E-20    0.31248E-22   -0.12977E-20   -0.58192E-17    0.76132E-13
    0.51550E+07    0.67573E-20    0.15427E-20    0.37144E-22   -0.15416E-20   -0.69033E-17    0.76280E-13
    0.51600E+07    0.80258E-20    0.18321E-20    0.44140E-22   -0.18308E-20   -0.81870E-17    0.76428E-13
    0.51650E+07    0.95296E-20    0.21752E-20    0.52438E-22   -0.21736E-20   -0.97066E-17    0.76576E-13
    0.51700E+07    0.11312E-19    0.25818E-20    0.62279E-22   -0.25799E-20   -0.11505E-16    0.76725E-13
    0.51750E+07    0.13423E-19    0.30635E-20    0.73945E-22   -0.30612E-20   -0.13632E-16    0.76873E-13
    0.51800E+07    0.15925E-19    0.36340E-20    0.87771E-22   -0.36313E-20   -0.16148E-16    0.77022E-13
    0.51850E+07    0.18887E-19    0.43095E-20    0.10415E-21   -0.43063E-20   -0.19122E-16    0.77170E-13
    0.51900E+07    0.22393E-19    0.51092E-20    0.12356E-21   -0.51052E-20   -0.22638E-16    0.77319E-13
    0.51950E+07    0.26542E-19    0.60554E-20    0.14653E-21   -0.60507E-20   -0.26792E-16    0.77468E-13
    0.52000E+07    0.31452E-19    0.71749E-20    0.17373E-21   -0.71691E-20   -0.31700E-16    0.77618E-13
    0.52050E+07    0.37258E-19    0.84988E-20    0.20592E-21   -0.84919E-20   -0.37494E-16    0.77767E-13
    0.52100E+07    0.44124E-19    0.10064E-19    0.24400E-21   -0.10056E-19   -0.44335E-16    0.77916E-13
    0.52150E+07    0.52239E-19    0.11914E-19    0.28904E-21   -0.11904E-19   -0.52408E-16    0.78066E-13
    0.52200E+07    0.61829E-19    0.14100E-19    0.34230E-21   -0.14088E-19   -0.61933E-16    0.78216E-13
    0.52250E+07    0.73158E-19    0.16683E-19    0.40525E-21   -0.16668E-19   -0.73167E-16    0.78366E-13
    0.52300E+07    0.86537E-19    0.19732E-19    0.47965E-21   -0.19715E-19   -0.86412E-16    0.78516E-13
    0.52350E+07    0.10233E-18    0.23332E-19    0.56753E-21   -0.23311E-19   -0.10202E-15    0.78666E-13
    0.52400E+07    0.12098E-18    0.27581E-19    0.67132E-21   -0.27556E-19   -0.12042E-15    0.78816E-13
    0.52450E+07    0.14297E-18    0.32594E-19    0.79386E-21   -0.32564E-19   -0.14209E-15    0.78967E-13
    0.52500E+07    0.16892E-18    0.38507E-19    0.93850E-21   -0.38471E-19   -0.16762E-15    0.79117E-13
    0.52550E+07    0.19952E-18    0.45479E-19    0.11092E-20   -0.45436E-19   -0.19766E-15    0.79268E-13
    0.52600E+07    0.23559E-18    0.53698E-19    0.13105E-20   -0.53646E-19   -0.23302E-15    0.79419E-13
    0.52650E+07    0.27811E-18    0.63383E-19    0.15479E-20   -0.63321E-19   -0.27463E-15    0.79570E-13
    0.52700E+07    0.32819E-18    0.74793E-19    0.18278E-20   -0.74719E-19   -0.32356E-15    0.79722E-13
    0.52750E+07    0.38718E-18    0.88232E-19    0.21576E-20   -0.88143E-19   -0.38110E-15    0.79873E-13
    0.52800E+07    0.45663E-18    0.10405E-18    0.25462E-20   -0.10395E-18   -0.44873E-15    0.80024E-13
    0.52850E+07    0.53839E-18    0.12268E-18    0.30040E-20   -0.12255E-18   -0.52820E-15    0.80176E-13
    0.52900E+07    0.63459E-18    0.14459E-18    0.35430E-20   -0.14443E-18   -0.62155E-15    0.80328E-13
    0.52950E+07    0.74775E-18    0.17036E-18    0.41774E-20   -0.17018E-18   -0.73118E-15    0.80480E-13
    0.53000E+07    0.88083E-18    0.20067E-18    0.49240E-20   -0.20045E-18   -0.85989E-15    0.80632E-13
    0.53050E+07    0.10373E-17    0.23630E-18    0.58024E-20   -0.23604E-18   -0.10109E-14    0.80784E-13
    0.53100E+07    0.12212E-17    0.27818E-18    0.68353E-20   -0.27787E-18   -0.11881E-14    0.80937E-13
    0.53150E+07    0.14372E-17    0.32738E-18    0.80498E-20   -0.32700E-18   -0.13960E-14    0.81089E-13
    0.53200E+07    0.16909E-17    0.38516E-18    0.94772E-20   -0.38471E-18   -0.16396E-14    0.81242E-13
    0.53250E+07    0.19889E-17    0.45301E-18    0.11154E-19   -0.45247E-18   -0.19253E-14    0.81395E-13
    0.53300E+07    0.23386E-17    0.53264E-18    0.13125E-19   -0.53199E-18   -0.22599E-14    0.81548E-13
    0.53350E+07    0.27489E-17    0.62609E-18    0.15438E-19   -0.62531E-18   -0.26519E-14    0.81702E-13
    0.53400E+07    0.32303E-17    0.73570E-18    0.18154E-19   -0.73477E-18   -0.31109E-14    0.81855E-13
    0.53450E+07    0.37948E-17    0.86424E-18    0.21341E-19   -0.86313E-18   -0.36483E-14    0.82009E-13
    0.53500E+07    0.44566E-17    0.10149E-17    0.25080E-19   -0.10136E-17   -0.42770E-14    0.82163E-13
    0.53550E+07    0.52321E-17    0.11915E-17    0.29465E-19   -0.11899E-17   -0.50125E-14    0.82317E-13
    0.53600E+07    0.61408E-17    0.13984E-17    0.34606E-19   -0.13965E-17   -0.58727E-14    0.82471E-13
    0.53650E+07    0.72050E-17    0.16407E-17    0.40631E-19   -0.16385E-17   -0.68783E-14    0.82626E-13
    0.53700E+07    0.84510E-17    0.19244E-17    0.47692E-19   -0.19217E-17   -0.80535E-14    0.82781E-13
    0.53750E+07    0.99093E-17    0.22565E-17    0.55962E-19   -0.22533E-17   -0.94264E-14    0.82936E-13
    0.53800E+07    0.11616E-16    0.26450E-17    0.65646E-19   -0.26412E-17   -0.11030E-13    0.83091E-13
    0.53850E+07    0.13612E-16    0.30995E-17    0.76982E-19   -0.30949E-17   -0.12902E-13    0.83247E-13
    0.53900E+07    0.15945E-16    0.36309E-17    0.90248E-19   -0.36255E-17   -0.15087E-13    0.83403E-13
    0.53950E+07    0.18674E-16    0.42522E-17    0.10577E-18   -0.42456E-17   -0.17636E-13    0.83560E-13
    0.54000E+07    0.21861E-16    0.49781E-17    0.12392E-18   -0.49703E-17   -0.20609E-13    0.83717E-13
    0.54050E+07    0.25585E-16    0.58261E-17    0.14513E-18   -0.58168E-17   -0.24075E-13    0.83874E-13
    0.54100E+07    0.29934E-16    0.68164E-17    0.16993E-18   -0.68053E-17   -0.28115E-13    0.84032E-13
    0.54150E+07    0.35010E-16    0.79726E-17    0.19890E-18   -0.79593E-17   -0.32822E-13    0.84191E-13
    0.54200E+07    0.40934E-16    0.93218E-17    0.23274E-18   -0.93060E-17   -0.38304E-13    0.84350E-13
    0.54250E+07    0.47845E-16    0.10896E-16    0.27224E-18   -0.10877E-16   -0.44687E-13    0.84510E-13
    0.54300E+07    0.55905E-16    0.12732E-16    0.31836E-18   -0.12709E-16   -0.52117E-13    0.84671E-13
    0.54350E+07    0.65301E-16    0.14872E-16    0.37216E-18   -0.14845E-16   -0.60761E-13    0.84833E-13
    0.54400E+07    0.76251E-16    0.17366E-16    0.43491E-18   -0.17334E-16   -0.70814E-13    0.84996E-13
    0.54450E+07    0.89008E-16    0.20273E-16    0.50809E-18   -0.20235E-16   -0.82503E-13    0.85160E-13
    0.54500E+07    0.10386E-15    0.23658E-16    0.59338E-18   -0.23612E-16   -0.96089E-13    0.85326E-13
    0.54550E+07    0.12116E-15    0.27599E-16    0.69277E-18   -0.27545E-16   -0.11187E-12    0.85494E-13
    0.54600E+07    0.14129E-15    0.32186E-16    0.80853E-18   -0.32121E-16   -0.13021E-12    0.85663E-13
    0.54650E+07    0.16471E-15    0.37523E-16    0.94334E-18   -0.37446E-16   -0.15149E-12    0.85835E-13
    0.54700E+07    0.19194E-15    0.43730E-16    0.11003E-17   -0.43638E-16   -0.17619E-12    0.86009E-13
    0.54750E+07    0.22360E-15    0.50947E-16    0.12829E-17   -0.50838E-16   -0.20485E-12    0.86186E-13
    0.54800E+07    0.26040E-15    0.59335E-16    0.14953E-17   -0.59206E-16   -0.23809E-12    0.86367E-13
    0.54850E+07    0.30314E-15    0.69081E-16    0.17422E-17   -0.68927E-16   -0.27662E-12    0.86551E-13
    0.54900E+07    0.35278E-15    0.80401E-16    0.20293E-17   -0.80218E-16   -0.32127E-12    0.86740E-13
    0.54950E+07    0.41041E-15    0.93544E-16    0.23630E-17   -0.93326E-16   -0.37300E-12    0.86934E-13
    0.55000E+07    0.47729E-15    0.10880E-15    0.27505E-17   -0.10854E-15   -0.43290E-12    0.87134E-13
    0.55050E+07    0.55486E-15    0.12650E-15    0.32005E-17   -0.12619E-15   -0.50223E-12    0.87341E-13
    0.55100E+07    0.64482E-15    0.14702E-15    0.37228E-17   -0.14665E-15   -0.58246E-12    0.87556E-13
    0.55150E+07    0.74910E-15    0.17082E-15    0.43289E-17   -0.17038E-15   -0.67525E-12    0.87780E-13
    0.55200E+07    0.86992E-15    0.19840E-15    0.50319E-17   -0.19788E-15   -0.78254E-12    0.88015E-13
    0.55250E+07    0.10099E-14    0.23035E-15    0.58470E-17   -0.22973E-15   -0.90654E-12    0.88262E-13
    0.55300E+07    0.11719E-14    0.26735E-15    0.67918E-17   -0.26661E-15   -0.10498E-11    0.88523E-13
    0.55350E+07    0.13595E-14    0.31018E-15    0.78864E-17   -0.30931E-15   -0.12152E-11    0.88800E-13
    0.55400E+07    0.15765E-14    0.35975E-15    0.91543E-17   -0.35872E-15   -0.14062E-11    0.89095E-13
    0.55450E+07    0.18274E-14    0.41709E-15    0.10622E-16   -0.41586E-15   -0.16265E-11    0.89413E-13
    0.55500E+07    0.21175E-14    0.48339E-15    0.12321E-16   -0.48193E-15   -0.18807E-11    0.89755E-13
    0.55550E+07    0.24527E-14    0.56003E-15    0.14286E-16   -0.55829E-15   -0.21737E-11    0.90125E-13
    0.55600E+07    0.28400E-14    0.64858E-15    0.16559E-16   -0.64652E-15   -0.25114E-11    0.90528E-13
    0.55650E+07    0.32871E-14    0.75084E-15    0.19186E-16   -0.74840E-15   -0.29004E-11    0.90969E-13
    0.55700E+07    0.38031E-14    0.86892E-15    0.22221E-16   -0.86601E-15   -0.33484E-11    0.91454E-13
    0.55750E+07    0.43998E-14    0.10053E-14    0.25727E-16   -0.10019E-14   -0.38602E-11    0.91988E-13
    0.55800E+07    0.50882E-14    0.11628E-14    0.29776E-16   -0.11587E-14   -0.44487E-11    0.92579E-13
    0.55800E+07    0.50882E-14    0.11628E-14    0.29776E-16   -0.11587E-14   -0.44487E-11    0.92579E-13
    0.55850E+07    0.58903E-14    0.13473E-14    0.34408E-16   -0.13422E-14   -0.51465E-11    0.93242E-13
    0.55900E+07    0.68164E-14    0.15610E-14    0.39766E-16   -0.15547E-14   -0.59543E-11    0.93983E-13
    0.55950E+07    0.78849E-14    0.18081E-14    0.45959E-16   -0.18005E-14   -0.68888E-11    0.94812E-13
    0.56000E+07    0.91172E-14    0.20937E-14    0.53114E-16   -0.20845E-14   -0.79689E-11    0.95744E-13
    0.56050E+07    0.10538E-13    0.24236E-14    0.61377E-16   -0.24125E-14   -0.92165E-11    0.96792E-13
    0.56100E+07    0.12175E-13    0.28045E-14    0.70914E-16   -0.27911E-14   -0.10657E-10    0.97975E-13
    0.56150E+07    0.14060E-13    0.32438E-14    0.81917E-16   -0.32279E-14   -0.12318E-10    0.99311E-13
    0.56200E+07    0.16230E-13    0.37503E-14    0.94604E-16   -0.37314E-14   -0.14233E-10    0.10082E-12
    0.56250E+07    0.18728E-13    0.43340E-14    0.10923E-15   -0.43115E-14   -0.16439E-10    0.10254E-12
    0.56300E+07    0.21600E-13    0.50061E-14    0.12607E-15   -0.49794E-14   -0.18979E-10    0.10449E-12
    0.56350E+07    0.24901E-13    0.57796E-14    0.14547E-15   -0.57481E-14   -0.21902E-10    0.10670E-12
    0.56400E+07    0.28694E-13    0.66695E-14    0.16779E-15   -0.66323E-14   -0.25264E-10    0.10921E-12
    0.56450E+07    0.33049E-13    0.76925E-14    0.19346E-15   -0.76486E-14   -0.29127E-10    0.11207E-12
    0.56500E+07    0.38048E-13    0.88680E-14    0.22298E-15   -0.88162E-14   -0.33565E-10    0.11533E-12
    0.56550E+07    0.43783E-13    0.10218E-13    0.25691E-15   -0.10157E-13   -0.38660E-10    0.11903E-12
    0.56600E+07    0.50359E-13    0.11768E-13    0.29587E-15   -0.11696E-13   -0.44506E-10    0.12326E-12
    0.56650E+07    0.57894E-13    0.13545E-13    0.34060E-15   -0.13461E-13   -0.51210E-10    0.12807E-12
    0.56700E+07    0.66524E-13    0.15583E-13    0.39192E-15   -0.15484E-13   -0.58893E-10    0.13355E-12
    0.56750E+07    0.76404E-13    0.17919E-13    0.45077E-15   -0.17803E-13   -0.67693E-10    0.13979E-12
    0.56800E+07    0.87707E-13    0.20593E-13    0.51822E-15   -0.20457E-13   -0.77767E-10    0.14689E-12
    0.56850E+07    0.10063E-12    0.23655E-13    0.59550E-15   -0.23495E-13   -0.89291E-10    0.15499E-12
    0.56900E+07    0.11540E-12    0.27158E-13    0.68397E-15   -0.26971E-13   -0.10247E-09    0.16421E-12
    0.56950E+07    0.13227E-12    0.31162E-13    0.78522E-15   -0.30943E-13   -0.11753E-09    0.17470E-12
    0.57000E+07    0.15153E-12    0.35739E-13    0.90102E-15   -0.35482E-13   -0.13472E-09    0.18664E-12
    0.57050E+07    0.17350E-12    0.40966E-13    0.10334E-14   -0.40665E-13   -0.15435E-09    0.20022E-12
    0.57100E+07    0.19855E-12    0.46931E-13    0.11846E-14   -0.46580E-13   -0.17674E-09    0.21566E-12
    0.57149E+07    0.22668E-12    0.53638E-13    0.13547E-14   -0.53227E-13   -0.20189E-09    0.23295E-12
    0.57199E+07    0.25866E-12    0.61268E-13    0.15485E-14   -0.60789E-13   -0.23048E-09    0.25256E-12
    0.57199E+07    0.31473E-12    0.73992E-13    0.13203E-14   -0.70364E-13   -0.24611E-09    0.28876E-12
    0.57200E+07    0.31586E-12    0.74346E-13    0.13278E-14   -0.70727E-13   -0.24752E-09    0.28940E-12
    0.57250E+07    0.36020E-12    0.87901E-13    0.16191E-14   -0.84580E-13   -0.30174E-09    0.31454E-12
    0.57300E+07    0.41099E-12    0.10281E-12    0.19498E-14   -0.99729E-13   -0.36130E-09    0.34338E-12
    0.57350E+07    0.46885E-12    0.11923E-12    0.23251E-14   -0.11634E-12   -0.42669E-09    0.37627E-12
    0.57400E+07    0.53453E-12    0.13735E-12    0.27504E-14   -0.13460E-12   -0.49854E-09    0.41360E-12
    0.57450E+07    0.60892E-12    0.15737E-12    0.32321E-14   -0.15472E-12   -0.57756E-09    0.45587E-12
    0.57500E+07    0.69304E-12    0.17955E-12    0.37769E-14   -0.17696E-12   -0.66460E-09    0.50361E-12
    0.57550E+07    0.78806E-12    0.20415E-12    0.43927E-14   -0.20160E-12   -0.76062E-09    0.55748E-12
    0.57600E+07    0.89530E-12    0.23149E-12    0.50883E-14   -0.22893E-12   -0.86671E-09    0.61819E-12
    0.57650E+07    0.10162E-11    0.26191E-12    0.58733E-14   -0.25930E-12   -0.98408E-09    0.68656E-12
    0.57700E+07    0.11526E-11    0.29579E-12    0.67586E-14   -0.29311E-12   -0.11141E-08    0.76351E-12
    0.57750E+07    0.13061E-11    0.33358E-12    0.77567E-14   -0.33079E-12   -0.12583E-08    0.85007E-12
    0.57800E+07    0.14790E-11    0.37576E-12    0.88811E-14   -0.37282E-12   -0.14184E-08    0.94737E-12
    0.57850E+07    0.16736E-11    0.42286E-12    0.10147E-13   -0.41974E-12   -0.15963E-08    0.10567E-11
    0.57900E+07    0.18924E-11    0.47549E-12    0.11573E-13   -0.47214E-12   -0.17940E-08    0.11795E-11
    0.57950E+07    0.21385E-11    0.53432E-12    0.13176E-13   -0.53068E-12   -0.20138E-08    0.13173E-11
    0.58000E+07    0.24149E-11    0.60008E-12    0.14979E-13   -0.59610E-12   -0.22584E-08    0.14719E-11
    0.58050E+07    0.27252E-11    0.67360E-12    0.17005E-13   -0.66923E-12   -0.25305E-08    0.16452E-11
    0.58100E+07    0.30735E-11    0.75581E-12    0.19281E-13   -0.75096E-12   -0.28332E-08    0.18394E-11
    0.58150E+07    0.34641E-11    0.84770E-12    0.21837E-13   -0.84229E-12   -0.31699E-08    0.20568E-11
    0.58200E+07    0.39019E-11    0.95041E-12    0.24705E-13   -0.94435E-12   -0.35445E-08    0.23002E-11
    0.58250E+07    0.43922E-11    0.10652E-11    0.27922E-13   -0.10584E-11   -0.39610E-08    0.25723E-11
    0.58300E+07    0.49412E-11    0.11934E-11    0.31528E-13   -0.11857E-11   -0.44241E-08    0.28765E-11
    0.58350E+07    0.55553E-11    0.13366E-11    0.35568E-13   -0.13278E-11   -0.49387E-08    0.32163E-11
    0.58400E+07    0.62418E-11    0.14964E-11    0.40092E-13   -0.14864E-11   -0.55103E-08    0.35954E-11
    0.58450E+07    0.70087E-11    0.16746E-11    0.45154E-13   -0.16633E-11   -0.61449E-08    0.40183E-11
    0.58500E+07    0.78650E-11    0.18735E-11    0.50816E-13   -0.18605E-11   -0.68491E-08    0.44896E-11
    0.58550E+07    0.88202E-11    0.20950E-11    0.57145E-13   -0.20802E-11   -0.76300E-08    0.50146E-11
    0.58600E+07    0.98850E-11    0.23419E-11    0.64213E-13   -0.23249E-11   -0.84953E-08    0.55987E-11
    0.58636E+07    0.10715E-10    0.25340E-11    0.69729E-13   -0.25153E-11   -0.91661E-08    0.60530E-11
    0.58636E+07    0.11052E-10    0.26197E-11    0.68027E-13   -0.25893E-11   -0.94426E-08    0.62296E-11
    0.58668E+07    0.11900E-10    0.28272E-11    0.73680E-13   -0.27952E-11   -0.10187E-07    0.66866E-11
    0.58700E+07    0.12810E-10    0.30488E-11    0.79745E-13   -0.30151E-11   -0.10979E-07    0.71759E-11
    0.58750E+07    0.14351E-10    0.34226E-11    0.90035E-13   -0.33858E-11   -0.12309E-07    0.80034E-11
    0.58800E+07    0.16067E-10    0.38364E-11    0.10150E-12   -0.37960E-11   -0.13773E-07    0.89221E-11
    0.58850E+07    0.17975E-10    0.42943E-11    0.11426E-12   -0.42498E-11   -0.15383E-07    0.99409E-11
    0.58900E+07    0.20095E-10    0.48011E-11    0.12847E-12   -0.47517E-11   -0.17155E-07    0.11070E-10
    0.58950E+07    0.22448E-10    0.53616E-11    0.14427E-12   -0.53066E-11   -0.19104E-07    0.12320E-10
    0.59000E+07    0.25058E-10    0.59814E-11    0.16183E-12   -0.59199E-11   -0.21246E-07    0.13702E-10
    0.59050E+07    0.27951E-10    0.66664E-11    0.18132E-12   -0.65975E-11   -0.23600E-07    0.15230E-10
    0.59100E+07    0.31155E-10    0.74231E-11    0.20296E-12   -0.73456E-11   -0.26185E-07    0.16918E-10
    0.59150E+07    0.34701E-10    0.82584E-11    0.22695E-12   -0.81711E-11   -0.29022E-07    0.18779E-10
    0.59200E+07    0.38620E-10    0.91800E-11    0.25354E-12   -0.90815E-11   -0.32134E-07    0.20830E-10
    0.59250E+07    0.42949E-10    0.10196E-10    0.28297E-12   -0.10085E-10   -0.35545E-07    0.23088E-10
    0.59300E+07    0.47727E-10    0.11316E-10    0.31554E-12   -0.11189E-10   -0.39280E-07    0.25572E-10
    0.59350E+07    0.52994E-10    0.12548E-10    0.35153E-12   -0.12405E-10   -0.43367E-07    0.28302E-10
    0.59400E+07    0.58796E-10    0.13903E-10    0.39128E-12   -0.13741E-10   -0.47835E-07    0.31297E-10
    0.59450E+07    0.65180E-10    0.15393E-10    0.43513E-12   -0.15209E-10   -0.52715E-07    0.34582E-10
    0.59500E+07    0.72199E-10    0.17030E-10    0.48348E-12   -0.16820E-10   -0.58039E-07    0.38179E-10
    0.59529E+07    0.76557E-10    0.18045E-10    0.51357E-12   -0.17819E-10   -0.61326E-07    0.40406E-10
    0.59558E+07    0.81157E-10    0.19115E-10    0.54538E-12   -0.18872E-10   -0.64780E-07    0.42751E-10
    0.59558E+07    0.88306E-10    0.20522E-10    0.50510E-12   -0.19557E-10   -0.62332E-07    0.48237E-10
    0.59600E+07    0.96388E-10    0.22678E-10    0.56492E-12   -0.21681E-10   -0.69614E-07    0.52166E-10
    0.59650E+07    0.10683E-09    0.25407E-10    0.64192E-12   -0.24363E-10   -0.78800E-07    0.57214E-10
    0.59700E+07    0.11831E-09    0.28347E-10    0.72633E-12   -0.27246E-10   -0.88660E-07    0.62724E-10
    0.59750E+07    0.13090E-09    0.31515E-10    0.81880E-12   -0.30349E-10   -0.99244E-07    0.68728E-10
    0.59800E+07    0.14470E-09    0.34931E-10    0.92004E-12   -0.33688E-10   -0.11061E-06    0.75257E-10
    0.59850E+07    0.15980E-09    0.38616E-10    0.10308E-11   -0.37287E-10   -0.12282E-06    0.82345E-10
    0.59900E+07    0.17632E-09    0.42590E-10    0.11519E-11   -0.41164E-10   -0.13594E-06    0.90036E-10
    0.59950E+07    0.19491E-09    0.47049E-10    0.12842E-11   -0.45903E-10   -0.15031E-06    0.98257E-10
    0.60000E+07    0.21514E-09    0.51876E-10    0.14287E-11   -0.51078E-10   -0.16576E-06    0.10705E-09
    0.60050E+07    0.23644E-09    0.56885E-10    0.15861E-11   -0.56040E-10   -0.18202E-06    0.11656E-09
    0.60100E+07    0.25956E-09    0.62272E-10    0.17572E-11   -0.61370E-10   -0.19943E-06    0.12680E-09
    0.60150E+07    0.28465E-09    0.68063E-10    0.19431E-11   -0.67097E-10   -0.21805E-06    0.13779E-09
    0.60200E+07    0.31183E-09    0.74284E-10    0.21449E-11   -0.73244E-10   -0.23797E-06    0.14958E-09
    0.60250E+07    0.34124E-09    0.80964E-10    0.23637E-11   -0.79839E-10   -0.25926E-06    0.16219E-09
    0.60300E+07    0.37304E-09    0.88129E-10    0.26006E-11   -0.86908E-10   -0.28200E-06    0.17568E-09
    0.60350E+07    0.40736E-09    0.95810E-10    0.28570E-11   -0.94481E-10   -0.30626E-06    0.19007E-09
    0.60400E+07    0.44437E-09    0.10404E-09    0.31339E-11   -0.10259E-09   -0.33212E-06    0.20540E-09
    0.60450E+07    0.48423E-09    0.11283E-09    0.34329E-11   -0.11125E-09   -0.35967E-06    0.22171E-09
    0.60500E+07    0.52709E-09    0.12224E-09    0.37552E-11   -0.12050E-09   -0.38896E-06    0.23901E-09
    0.60550E+07    0.57312E-09    0.13227E-09    0.41021E-11   -0.13036E-09   -0.42008E-06    0.25735E-09
    0.60600E+07    0.62249E-09    0.14297E-09    0.44751E-11   -0.14087E-09   -0.45309E-06    0.27675E-09
    0.60650E+07    0.67536E-09    0.15435E-09    0.48757E-11   -0.15204E-09   -0.48806E-06    0.29721E-09
    0.60700E+07    0.73190E-09    0.16645E-09    0.53052E-11   -0.16390E-09   -0.52503E-06    0.31875E-09
    0.60750E+07    0.79227E-09    0.17928E-09    0.57651E-11   -0.17648E-09   -0.56406E-06    0.34139E-09
    0.60800E+07    0.85663E-09    0.19289E-09    0.62567E-11   -0.18979E-09   -0.60519E-06    0.36511E-09
    0.60850E+07    0.92514E-09    0.20727E-09    0.67815E-11   -0.20385E-09   -0.64845E-06    0.38990E-09
    0.60900E+07    0.99794E-09    0.22245E-09    0.73408E-11   -0.21868E-09   -0.69384E-06    0.41574E-09
    0.60950E+07    0.10752E-08    0.23845E-09    0.79357E-11   -0.23429E-09   -0.74138E-06    0.44260E-09
    0.61000E+07    0.11569E-08    0.25527E-09    0.85676E-11   -0.25068E-09   -0.79105E-06    0.47042E-09
    0.61050E+07    0.12434E-08    0.27291E-09    0.92373E-11   -0.26784E-09   -0.84282E-06    0.49916E-09
    0.61100E+07    0.13345E-08    0.29138E-09    0.99458E-11   -0.28579E-09   -0.89662E-06    0.52872E-09
    0.61150E+07    0.14305E-08    0.31067E-09    0.10694E-10   -0.30450E-09   -0.95238E-06    0.55902E-09
    0.61200E+07    0.15314E-08    0.33076E-09    0.11482E-10   -0.32395E-09   -0.10100E-05    0.58994E-09
    0.61250E+07    0.16371E-08    0.35163E-09    0.12310E-10   -0.34412E-09   -0.10693E-05    0.62134E-09
    0.61300E+07    0.17477E-08    0.37325E-09    0.13179E-10   -0.36496E-09   -0.11302E-05    0.65307E-09
    0.61350E+07    0.18630E-08    0.39557E-09    0.14087E-10   -0.38643E-09   -0.11925E-05    0.68493E-09
    0.61400E+07    0.19831E-08    0.41854E-09    0.15035E-10   -0.40847E-09   -0.12558E-05    0.71672E-09
    0.61450E+07    0.21077E-08    0.44209E-09    0.16020E-10   -0.43100E-09   -0.13200E-05    0.74821E-09
    0.61500E+07    0.22367E-08    0.46615E-09    0.17042E-10   -0.45393E-09   -0.13847E-05    0.77912E-09
    0.61550E+07    0.23698E-08    0.49062E-09    0.18098E-10   -0.47717E-09   -0.14495E-05    0.80915E-09
    0.61600E+07    0.25067E-08    0.51540E-09    0.19185E-10   -0.50059E-09   -0.15141E-05    0.83798E-09
    0.61650E+07    0.26470E-08    0.54036E-09    0.20300E-10   -0.52407E-09   -0.15780E-05    0.86523E-09
    0.61700E+07    0.27903E-08    0.56536E-09    0.21438E-10   -0.54745E-09   -0.16407E-05    0.89050E-09
    0.61750E+07    0.29361E-08    0.59025E-09    0.22595E-10   -0.57056E-09   -0.17015E-05    0.91335E-09
    0.61800E+07    0.30837E-08    0.61485E-09    0.23764E-10   -0.59321E-09   -0.17599E-05    0.93331E-09
    0.61850E+07    0.32325E-08    0.63897E-09    0.24938E-10   -0.61520E-09   -0.18153E-05    0.94988E-09
    0.61900E+07    0.33818E-08    0.66240E-09    0.26111E-10   -0.63630E-09   -0.18668E-05    0.96250E-09
    0.61950E+07    0.35305E-08    0.68490E-09    0.27272E-10   -0.65625E-09   -0.19138E-05    0.97059E-09
    0.62000E+07    0.36779E-08    0.70623E-09    0.28410E-10   -0.67479E-09   -0.19554E-05    0.97355E-09
    0.62049E+07    0.38210E-08    0.72589E-09    0.29503E-10   -0.69144E-09   -0.19904E-05    0.97080E-09
    0.62049E+07    0.38911E-08    0.74727E-09    0.29771E-10   -0.71119E-09   -0.20818E-05    0.10011E-08
    0.62075E+07    0.39398E-08    0.75386E-09    0.30467E-10   -0.71182E-09   -0.20957E-05    0.99100E-09
    0.62100E+07    0.39873E-08    0.75947E-09    0.31131E-10   -0.71127E-09   -0.21054E-05    0.97968E-09
    0.62150E+07    0.40850E-08    0.77035E-09    0.32347E-10   -0.71463E-09   -0.21163E-05    0.95191E-09
    0.62200E+07    0.41750E-08    0.77753E-09    0.33418E-10   -0.71376E-09   -0.21112E-05    0.91708E-09
    0.62250E+07    0.42562E-08    0.78099E-09    0.34323E-10   -0.70868E-09   -0.20903E-05    0.87463E-09
    0.62300E+07    0.43273E-08    0.78068E-09    0.35039E-10   -0.69941E-09   -0.20534E-05    0.82380E-09
    0.62350E+07    0.43869E-08    0.77654E-09    0.35541E-10   -0.68590E-09   -0.20008E-05    0.76384E-09
    0.62400E+07    0.44334E-08    0.76851E-09    0.35802E-10   -0.66813E-09   -0.19325E-05    0.69397E-09
    0.62450E+07    0.44652E-08    0.75653E-09    0.35794E-10   -0.64600E-09   -0.18486E-05    0.61339E-09
    0.62500E+07    0.44806E-08    0.74054E-09    0.35483E-10   -0.61941E-09   -0.17494E-05    0.52135E-09
    0.62550E+07    0.44779E-08    0.72047E-09    0.34836E-10   -0.58823E-09   -0.16352E-05    0.41707E-09
    0.62600E+07    0.44554E-08    0.69627E-09    0.33816E-10   -0.55228E-09   -0.15065E-05    0.29981E-09
    0.62650E+07    0.44112E-08    0.66791E-09    0.32381E-10   -0.51137E-09   -0.13641E-05    0.16894E-09
    0.62700E+07    0.43437E-08    0.63538E-09    0.30489E-10   -0.46526E-09   -0.12089E-05    0.23925E-10
    0.62750E+07    0.42514E-08    0.59871E-09    0.28092E-10   -0.41367E-09   -0.10422E-05   -0.13559E-09
    0.62800E+07    0.41328E-08    0.55799E-09    0.25141E-10   -0.35627E-09   -0.86564E-06   -0.30973E-09
    0.62850E+07    0.39871E-08    0.51339E-09    0.21583E-10   -0.29272E-09   -0.68160E-06   -0.49829E-09
    0.62900E+07    0.38137E-08    0.46519E-09    0.17362E-10   -0.22259E-09   -0.49298E-06   -0.70058E-09
    0.62950E+07    0.36126E-08    0.41377E-09    0.12419E-10   -0.14544E-09   -0.30356E-06   -0.91546E-09
    0.63000E+07    0.33850E-08    0.35972E-09    0.66934E-11   -0.60728E-10   -0.11811E-06   -0.11409E-08
    0.63025E+07    0.32637E-08    0.33240E-09    0.35698E-11   -0.16148E-10   -0.30127E-07   -0.12550E-08
    0.63025E+07    0.26670E-08    0.30755E-09    0.38150E-11   -0.15876E-10   -0.27373E-07   -0.15672E-08
    0.63062E+07    0.24856E-08    0.26098E-09   -0.33099E-11    0.76527E-10    0.11984E-06   -0.17210E-08
    0.63100E+07    0.22925E-08    0.21546E-09   -0.10918E-10    0.17552E-09    0.24705E-06   -0.18744E-08
    0.63150E+07    0.20240E-08    0.15763E-09   -0.21806E-10    0.31762E-09    0.37753E-06   -0.20715E-08
    0.63200E+07    0.17521E-08    0.10438E-09   -0.33671E-10    0.47266E-09    0.45245E-06   -0.22524E-08
    0.63250E+07    0.14925E-08    0.58265E-10   -0.46577E-10    0.64110E-09    0.45498E-06   -0.24039E-08
    0.63300E+07    0.12664E-08    0.22777E-10   -0.60576E-10    0.82308E-09    0.36349E-06   -0.25092E-08
    0.63350E+07    0.11017E-08    0.25664E-11   -0.75709E-10    0.10183E-08    0.15060E-06   -0.25466E-08
    0.63400E+07    0.10341E-08    0.36849E-11   -0.91992E-10    0.12259E-08   -0.21801E-06   -0.24886E-08
    0.63450E+07    0.11096E-08    0.33887E-10   -0.10942E-09    0.14442E-08   -0.78491E-06   -0.23010E-08
    0.63500E+07    0.13857E-08    0.10299E-09   -0.12794E-09    0.16709E-08   -0.16026E-05   -0.19411E-08
    0.63545E+07    0.18652E-08    0.20858E-09   -0.14547E-09    0.18790E-08   -0.26060E-05   -0.14267E-08
    0.63590E+07    0.26299E-08    0.36666E-09   -0.16370E-09    0.20874E-08   -0.39212E-05   -0.68388E-09
    0.63590E+07    0.82706E-09    0.35151E-10   -0.11308E-09    0.22309E-08   -0.42897E-06   -0.27718E-08
    0.63600E+07    0.98027E-09    0.48575E-10   -0.11603E-09    0.22553E-08   -0.51817E-06   -0.27107E-08
    0.63629E+07    0.14851E-08    0.10088E-09   -0.12461E-09    0.23178E-08   -0.80609E-06   -0.24993E-08
    0.63658E+07    0.20871E-08    0.17445E-09   -0.13319E-09    0.23671E-08   -0.11408E-05   -0.22337E-08
    0.63658E+07    0.25924E-09    0.29292E-10   -0.16483E-10    0.39738E-09   -0.16476E-06   -0.55528E-08
    0.63660E+07    0.28900E-09    0.36311E-10   -0.16557E-10    0.37055E-09   -0.18434E-06   -0.55725E-08
    0.63660E+07    0.00000E+00    0.23544E-09   -0.00000E+00    0.60784E-10    0.42974E-07   -0.37258E-08
    0.63710E+07    0.00000E+00    0.18199E-12    0.00000E+00   -0.18199E-12   -0.27299E-09   -0.41168E-08
