    0.10000E+01    0.00000E+00    0.00000E+00    0.00000E+00    0.00000E+00    0.00000E+00   -0.30990E-26
    0.20000E+05    0.00000E+00    0.00000E+00    0.00000E+00    0.00000E+00    0.00000E+00   -0.12396E-17
    0.40000E+05    0.00000E+00    0.00000E+00    0.00000E+00    0.00000E+00    0.00000E+00   -0.49585E-17
    0.60000E+05    0.00000E+00    0.00000E+00    0.00000E+00    0.00000E+00    0.00000E+00   -0.11157E-16
    0.80000E+05    0.00000E+00    0.00000E+00    0.00000E+00    0.00000E+00    0.00000E+00   -0.19834E-16
    0.10000E+06    0.00000E+00    0.00000E+00    0.00000E+00    0.00000E+00    0.00000E+00   -0.30990E-16
    0.12000E+06    0.00000E+00    0.00000E+00    0.00000E+00    0.00000E+00    0.00000E+00   -0.44626E-16
    0.14000E+06    0.00000E+00    0.00000E+00    0.00000E+00    0.00000E+00    0.00000E+00   -0.60741E-16
    0.16000E+06    0.00000E+00    0.00000E+00    0.00000E+00    0.00000E+00    0.00000E+00   -0.79336E-16
    0.18000E+06    0.00000E+00    0.00000E+00    0.00000E+00    0.00000E+00    0.00000E+00   -0.10041E-15
    0.20000E+06    0.00000E+00    0.00000E+00    0.00000E+00    0.00000E+00    0.00000E+00   -0.12396E-15
    0.22000E+06    0.00000E+00    0.00000E+00    0.00000E+00    0.00000E+00    0.00000E+00   -0.14999E-15
    0.24000E+06    0.00000E+00    0.00000E+00    0.00000E+00    0.00000E+00    0.00000E+00   -0.17851E-15
    0.26000E+06    0.00000E+00    0.00000E+00    0.00000E+00    0.00000E+00    0.00000E+00   -0.20950E-15
    0.28000E+06    0.00000E+00    0.00000E+00    0.00000E+00    0.00000E+00    0.00000E+00   -0.24297E-15
    0.30000E+06    0.00000E+00    0.00000E+00    0.00000E+00    0.00000E+00    0.00000E+00   -0.27891E-15
    0.32000E+06    0.00000E+00    0.00000E+00    0.00000E+00    0.00000E+00    0.00000E+00   -0.31734E-15
    0.34000E+06    0.00000E+00    0.00000E+00    0.00000E+00    0.00000E+00    0.00000E+00   -0.35825E-15
    0.36000E+06    0.00000E+00    0.00000E+00    0.00000E+00    0.00000E+00    0.00000E+00   -0.40164E-15
    0.38000E+06    0.00000E+00    0.00000E+00    0.00000E+00    0.00000E+00    0.00000E+00   -0.44750E-15
    0.40000E+06    0.00000E+00    0.00000E+00    0.00000E+00    0.00000E+00    0.00000E+00   -0.49585E-15
    0.42000E+06    0.00000E+00    0.00000E+00    0.00000E+00    0.00000E+00    0.00000E+00   -0.54667E-15
    0.44000E+06    0.00000E+00    0.00000E+00    0.00000E+00    0.00000E+00    0.00000E+00   -0.59998E-15
    0.46000E+06    0.00000E+00    0.00000E+00    0.00000E+00    0.00000E+00    0.00000E+00   -0.65576E-15
    0.48000E+06    0.00000E+00    0.00000E+00    0.00000E+00    0.00000E+00    0.00000E+00   -0.71402E-15
    0.50000E+06    0.00000E+00    0.00000E+00    0.00000E+00    0.00000E+00    0.00000E+00   -0.77476E-15
    0.52000E+06    0.00000E+00    0.00000E+00    0.00000E+00    0.00000E+00    0.00000E+00   -0.83798E-15
    0.54000E+06    0.00000E+00    0.00000E+00    0.00000E+00    0.00000E+00    0.00000E+00   -0.90368E-15
    0.56000E+06    0.00000E+00    0.00000E+00    0.00000E+00    0.00000E+00    0.00000E+00   -0.97186E-15
    0.58000E+06    0.00000E+00    0.00000E+00    0.00000E+00    0.00000E+00    0.00000E+00   -0.10425E-14
    0.60000E+06    0.00000E+00    0.00000E+00    0.00000E+00    0.00000E+00    0.00000E+00   -0.11157E-14
    0.62000E+06    0.00000E+00    0.00000E+00    0.00000E+00    0.00000E+00    0.00000E+00   -0.11913E-14
    0.64000E+06    0.00000E+00    0.00000E+00    0.00000E+00    0.00000E+00    0.00000E+00   -0.12694E-14
    0.66000E+06    0.00000E+00    0.00000E+00    0.00000E+00    0.00000E+00    0.00000E+00   -0.13499E-14
    0.68000E+06    0.00000E+00    0.00000E+00    0.00000E+00    0.00000E+00    0.00000E+00   -0.14330E-14
    0.70000E+06    0.00000E+00    0.00000E+00    0.00000E+00    0.00000E+00    0.00000E+00   -0.15185E-14
    0.72000E+06    0.00000E+00    0.00000E+00    0.00000E+00    0.00000E+00    0.00000E+00   -0.16065E-14
    0.74000E+06    0.00000E+00    0.00000E+00    0.00000E+00    0.00000E+00    0.00000E+00   -0.16970E-14
    0.76000E+06    0.00000E+00    0.00000E+00    0.00000E+00    0.00000E+00    0.00000E+00   -0.17900E-14
    0.78000E+06    0.00000E+00    0.00000E+00    0.00000E+00    0.00000E+00    0.00000E+00   -0.18855E-14
    0.80000E+06    0.00000E+00    0.00000E+00    0.00000E+00    0.00000E+00    0.00000E+00   -0.19834E-14
    0.82000E+06    0.00000E+00    0.00000E+00    0.00000E+00    0.00000E+00    0.00000E+00   -0.20838E-14
    0.84000E+06    0.00000E+00    0.00000E+00    0.00000E+00    0.00000E+00    0.00000E+00   -0.21867E-14
    0.86000E+06    0.00000E+00    0.00000E+00    0.00000E+00    0.00000E+00    0.00000E+00   -0.22921E-14
    0.88000E+06    0.00000E+00    0.00000E+00    0.00000E+00    0.00000E+00    0.00000E+00   -0.23999E-14
    0.90000E+06    0.00000E+00    0.00000E+00    0.00000E+00    0.00000E+00    0.00000E+00   -0.25102E-14
    0.92000E+06    0.00000E+00    0.00000E+00    0.00000E+00    0.00000E+00    0.00000E+00   -0.26230E-14
    0.94000E+06    0.00000E+00    0.00000E+00    0.00000E+00    0.00000E+00    0.00000E+00   -0.27383E-14
    0.96000E+06    0.00000E+00    0.00000E+00    0.00000E+00    0.00000E+00    0.00000E+00   -0.28561E-14
    0.98000E+06    0.00000E+00    0.00000E+00    0.00000E+00    0.00000E+00    0.00000E+00   -0.29763E-14
    0.10000E+07    0.00000E+00    0.00000E+00    0.00000E+00    0.00000E+00    0.00000E+00   -0.30990E-14
    0.10200E+07    0.00000E+00    0.00000E+00    0.00000E+00    0.00000E+00    0.00000E+00   -0.32242E-14
    0.10400E+07    0.00000E+00    0.00000E+00    0.00000E+00    0.00000E+00    0.00000E+00   -0.33519E-14
    0.10600E+07    0.00000E+00    0.00000E+00    0.00000E+00    0.00000E+00    0.00000E+00   -0.34821E-14
    0.10800E+07    0.00000E+00    0.00000E+00    0.00000E+00    0.00000E+00    0.00000E+00   -0.36147E-14
    0.11000E+07    0.00000E+00    0.00000E+00    0.00000E+00    0.00000E+00    0.00000E+00   -0.37498E-14
    0.11200E+07    0.00000E+00    0.00000E+00    0.00000E+00    0.00000E+00    0.00000E+00   -0.38874E-14
    0.11400E+07    0.00000E+00    0.00000E+00    0.00000E+00    0.00000E+00    0.00000E+00   -0.40275E-14
    0.11600E+07    0.00000E+00    0.00000E+00    0.00000E+00    0.00000E+00    0.00000E+00   -0.41701E-14
    0.11800E+07    0.00000E+00    0.00000E+00    0.00000E+00    0.00000E+00    0.00000E+00   -0.43151E-14
    0.12000E+07    0.00000E+00    0.00000E+00    0.00000E+00    0.00000E+00    0.00000E+00   -0.44626E-14
    0.12200E+07    0.00000E+00    0.00000E+00    0.00000E+00    0.00000E+00    0.00000E+00   -0.46126E-14
    0.12215E+07    0.00000E+00    0.00000E+00    0.00000E+00    0.00000E+00    0.00000E+00   -0.46240E-14
    0.12215E+07    0.00000E+00    0.00000E+00    0.00000E+00    0.00000E+00    0.00000E+00   -0.46240E-14
    0.12400E+07    0.00000E+00    0.00000E+00    0.00000E+00    0.00000E+00    0.00000E+00   -0.47651E-14
    0.12600E+07    0.00000E+00    0.00000E+00    0.00000E+00    0.00000E+00    0.00000E+00   -0.49200E-14
    0.12800E+07    0.00000E+00    0.00000E+00    0.00000E+00    0.00000E+00    0.00000E+00   -0.50775E-14
    0.13000E+07    0.00000E+00    0.00000E+00    0.00000E+00    0.00000E+00    0.00000E+00   -0.52374E-14
    0.13200E+07    0.00000E+00    0.00000E+00    0.00000E+00    0.00000E+00    0.00000E+00   -0.53998E-14
    0.13400E+07    0.00000E+00    0.00000E+00    0.00000E+00    0.00000E+00    0.00000E+00   -0.55646E-14
    0.13600E+07    0.00000E+00    0.00000E+00    0.00000E+00    0.00000E+00    0.00000E+00   -0.57320E-14
    0.13800E+07    0.00000E+00    0.00000E+00    0.00000E+00    0.00000E+00    0.00000E+00   -0.59018E-14
    0.14000E+07    0.00000E+00    0.00000E+00    0.00000E+00    0.00000E+00    0.00000E+00   -0.60741E-14
    0.14200E+07    0.00000E+00    0.00000E+00    0.00000E+00    0.00000E+00    0.00000E+00   -0.62489E-14
    0.14400E+07    0.00000E+00    0.00000E+00    0.00000E+00    0.00000E+00    0.00000E+00   -0.64262E-14
    0.14600E+07    0.00000E+00    0.00000E+00    0.00000E+00    0.00000E+00    0.00000E+00   -0.66059E-14
    0.14800E+07    0.00000E+00    0.00000E+00    0.00000E+00    0.00000E+00    0.00000E+00   -0.67881E-14
    0.15000E+07    0.00000E+00    0.00000E+00    0.00000E+00    0.00000E+00    0.00000E+00   -0.69729E-14
    0.15200E+07    0.00000E+00    0.00000E+00    0.00000E+00    0.00000E+00    0.00000E+00   -0.71600E-14
    0.15400E+07    0.00000E+00    0.00000E+00    0.00000E+00    0.00000E+00    0.00000E+00   -0.73497E-14
    0.15600E+07    0.00000E+00    0.00000E+00    0.00000E+00    0.00000E+00    0.00000E+00   -0.75418E-14
    0.15800E+07    0.00000E+00    0.00000E+00    0.00000E+00    0.00000E+00    0.00000E+00   -0.77365E-14
    0.16000E+07    0.00000E+00    0.00000E+00    0.00000E+00    0.00000E+00    0.00000E+00   -0.79336E-14
    0.16200E+07    0.00000E+00    0.00000E+00    0.00000E+00    0.00000E+00    0.00000E+00   -0.81331E-14
    0.16400E+07    0.00000E+00    0.00000E+00    0.00000E+00    0.00000E+00    0.00000E+00   -0.83352E-14
    0.16600E+07    0.00000E+00    0.00000E+00    0.00000E+00    0.00000E+00    0.00000E+00   -0.85397E-14
    0.16800E+07    0.00000E+00    0.00000E+00    0.00000E+00    0.00000E+00    0.00000E+00   -0.87467E-14
    0.17000E+07    0.00000E+00    0.00000E+00    0.00000E+00    0.00000E+00    0.00000E+00   -0.89562E-14
    0.17200E+07    0.00000E+00    0.00000E+00    0.00000E+00    0.00000E+00    0.00000E+00   -0.91682E-14
    0.17400E+07    0.00000E+00    0.00000E+00    0.00000E+00    0.00000E+00    0.00000E+00   -0.93827E-14
    0.17600E+07    0.00000E+00    0.00000E+00    0.00000E+00    0.00000E+00    0.00000E+00   -0.95996E-14
    0.17800E+07    0.00000E+00    0.00000E+00    0.00000E+00    0.00000E+00    0.00000E+00   -0.98190E-14
    0.18000E+07    0.00000E+00    0.00000E+00    0.00000E+00    0.00000E+00    0.00000E+00   -0.10041E-13
    0.18200E+07    0.00000E+00    0.00000E+00    0.00000E+00    0.00000E+00    0.00000E+00   -0.10265E-13
    0.18400E+07    0.00000E+00    0.00000E+00    0.00000E+00    0.00000E+00    0.00000E+00   -0.10492E-13
    0.18600E+07    0.00000E+00    0.00000E+00    0.00000E+00    0.00000E+00    0.00000E+00   -0.10721E-13
    0.18800E+07    0.00000E+00    0.00000E+00    0.00000E+00    0.00000E+00    0.00000E+00   -0.10953E-13
    0.19000E+07    0.00000E+00    0.00000E+00    0.00000E+00    0.00000E+00    0.00000E+00   -0.11188E-13
    0.19200E+07    0.00000E+00    0.00000E+00    0.00000E+00    0.00000E+00    0.00000E+00   -0.11424E-13
    0.19400E+07    0.00000E+00    0.00000E+00    0.00000E+00    0.00000E+00    0.00000E+00   -0.11664E-13
    0.19600E+07    0.00000E+00    0.00000E+00    0.00000E+00    0.00000E+00    0.00000E+00   -0.11905E-13
    0.19800E+07    0.00000E+00    0.00000E+00    0.00000E+00    0.00000E+00    0.00000E+00   -0.12149E-13
    0.20000E+07    0.00000E+00    0.00000E+00    0.00000E+00    0.00000E+00    0.00000E+00   -0.12396E-13
    0.20200E+07    0.00000E+00    0.00000E+00    0.00000E+00    0.00000E+00    0.00000E+00   -0.12645E-13
    0.20400E+07    0.00000E+00    0.00000E+00    0.00000E+00    0.00000E+00    0.00000E+00   -0.12897E-13
    0.20600E+07    0.00000E+00    0.00000E+00    0.00000E+00    0.00000E+00    0.00000E+00   -0.13151E-13
    0.20800E+07    0.00000E+00    0.00000E+00    0.00000E+00    0.00000E+00    0.00000E+00   -0.13408E-13
    0.21000E+07    0.00000E+00    0.00000E+00    0.00000E+00    0.00000E+00    0.00000E+00   -0.13667E-13
    0.21200E+07    0.00000E+00    0.00000E+00    0.00000E+00    0.00000E+00    0.00000E+00   -0.13928E-13
    0.21400E+07    0.00000E+00    0.00000E+00    0.00000E+00    0.00000E+00    0.00000E+00   -0.14192E-13
    0.21600E+07    0.00000E+00    0.00000E+00    0.00000E+00    0.00000E+00    0.00000E+00   -0.14459E-13
    0.21800E+07    0.00000E+00    0.00000E+00    0.00000E+00    0.00000E+00    0.00000E+00   -0.14728E-13
    0.22000E+07    0.00000E+00    0.00000E+00    0.00000E+00    0.00000E+00    0.00000E+00   -0.14999E-13
    0.22200E+07    0.00000E+00    0.00000E+00    0.00000E+00    0.00000E+00    0.00000E+00   -0.15273E-13
    0.22400E+07    0.00000E+00    0.00000E+00    0.00000E+00    0.00000E+00    0.00000E+00   -0.15550E-13
    0.22600E+07    0.00000E+00    0.00000E+00    0.00000E+00    0.00000E+00    0.00000E+00   -0.15829E-13
    0.22800E+07    0.00000E+00    0.00000E+00    0.00000E+00    0.00000E+00    0.00000E+00   -0.16110E-13
    0.23000E+07    0.00000E+00    0.00000E+00    0.00000E+00    0.00000E+00    0.00000E+00   -0.16394E-13
    0.23200E+07    0.00000E+00    0.00000E+00    0.00000E+00    0.00000E+00    0.00000E+00   -0.16680E-13
    0.23400E+07    0.00000E+00    0.00000E+00    0.00000E+00    0.00000E+00    0.00000E+00   -0.16969E-13
    0.23600E+07    0.00000E+00    0.00000E+00    0.00000E+00    0.00000E+00    0.00000E+00   -0.17260E-13
    0.23800E+07    0.00000E+00    0.00000E+00    0.00000E+00    0.00000E+00    0.00000E+00   -0.17554E-13
    0.24000E+07    0.00000E+00    0.00000E+00    0.00000E+00    0.00000E+00    0.00000E+00   -0.17851E-13
    0.24200E+07    0.00000E+00    0.00000E+00    0.00000E+00    0.00000E+00    0.00000E+00   -0.18149E-13
    0.24400E+07    0.00000E+00    0.00000E+00    0.00000E+00    0.00000E+00    0.00000E+00   -0.18450E-13
    0.24600E+07    0.00000E+00    0.00000E+00    0.00000E+00    0.00000E+00    0.00000E+00   -0.18754E-13
    0.24800E+07    0.00000E+00    0.00000E+00    0.00000E+00    0.00000E+00    0.00000E+00   -0.19060E-13
    0.25000E+07    0.00000E+00    0.00000E+00    0.00000E+00    0.00000E+00    0.00000E+00   -0.19369E-13
    0.25200E+07    0.00000E+00    0.00000E+00    0.00000E+00    0.00000E+00    0.00000E+00   -0.19680E-13
    0.25400E+07    0.00000E+00    0.00000E+00    0.00000E+00    0.00000E+00    0.00000E+00   -0.19994E-13
    0.25600E+07    0.00000E+00    0.00000E+00    0.00000E+00    0.00000E+00    0.00000E+00   -0.20310E-13
    0.25800E+07    0.00000E+00    0.00000E+00    0.00000E+00    0.00000E+00    0.00000E+00   -0.20628E-13
    0.26000E+07    0.00000E+00    0.00000E+00    0.00000E+00    0.00000E+00    0.00000E+00   -0.20950E-13
    0.26200E+07    0.00000E+00    0.00000E+00    0.00000E+00    0.00000E+00    0.00000E+00   -0.21273E-13
    0.26400E+07    0.00000E+00    0.00000E+00    0.00000E+00    0.00000E+00    0.00000E+00   -0.21599E-13
    0.26600E+07    0.00000E+00    0.00000E+00    0.00000E+00    0.00000E+00    0.00000E+00   -0.21928E-13
    0.26800E+07    0.00000E+00    0.00000E+00    0.00000E+00    0.00000E+00    0.00000E+00   -0.22259E-13
    0.27000E+07    0.00000E+00    0.00000E+00    0.00000E+00    0.00000E+00    0.00000E+00   -0.22592E-13
    0.27200E+07    0.00000E+00    0.00000E+00    0.00000E+00    0.00000E+00    0.00000E+00   -0.22928E-13
    0.27400E+07    0.00000E+00    0.00000E+00    0.00000E+00    0.00000E+00    0.00000E+00   -0.23266E-13
    0.27600E+07    0.00000E+00    0.00000E+00    0.00000E+00    0.00000E+00    0.00000E+00   -0.23607E-13
    0.27800E+07    0.00000E+00    0.00000E+00    0.00000E+00    0.00000E+00    0.00000E+00   -0.23951E-13
    0.28000E+07    0.00000E+00    0.00000E+00    0.00000E+00    0.00000E+00    0.00000E+00   -0.24297E-13
    0.28200E+07    0.00000E+00    0.00000E+00    0.00000E+00    0.00000E+00    0.00000E+00   -0.24645E-13
    0.28400E+07    0.00000E+00    0.00000E+00    0.00000E+00    0.00000E+00    0.00000E+00   -0.24996E-13
    0.28600E+07    0.00000E+00    0.00000E+00    0.00000E+00    0.00000E+00    0.00000E+00   -0.25349E-13
    0.28800E+07    0.00000E+00    0.00000E+00    0.00000E+00    0.00000E+00    0.00000E+00   -0.25705E-13
    0.29000E+07    0.00000E+00    0.00000E+00    0.00000E+00    0.00000E+00    0.00000E+00   -0.26063E-13
    0.29200E+07    0.00000E+00    0.00000E+00    0.00000E+00    0.00000E+00    0.00000E+00   -0.26424E-13
    0.29400E+07    0.00000E+00    0.00000E+00    0.00000E+00    0.00000E+00    0.00000E+00   -0.26787E-13
    0.29600E+07    0.00000E+00    0.00000E+00    0.00000E+00    0.00000E+00    0.00000E+00   -0.27153E-13
    0.29800E+07    0.00000E+00    0.00000E+00    0.00000E+00    0.00000E+00    0.00000E+00   -0.27521E-13
    0.30000E+07    0.00000E+00    0.00000E+00    0.00000E+00    0.00000E+00    0.00000E+00   -0.27891E-13
    0.30200E+07    0.00000E+00    0.00000E+00    0.00000E+00    0.00000E+00    0.00000E+00   -0.28265E-13
    0.30400E+07    0.00000E+00    0.00000E+00    0.00000E+00    0.00000E+00    0.00000E+00   -0.28640E-13
    0.30600E+07    0.00000E+00    0.00000E+00    0.00000E+00    0.00000E+00    0.00000E+00   -0.29018E-13
    0.30800E+07    0.00000E+00    0.00000E+00    0.00000E+00    0.00000E+00    0.00000E+00   -0.29399E-13
    0.31000E+07    0.00000E+00    0.00000E+00    0.00000E+00    0.00000E+00    0.00000E+00   -0.29782E-13
    0.31200E+07    0.00000E+00    0.00000E+00    0.00000E+00    0.00000E+00    0.00000E+00   -0.30167E-13
    0.31400E+07    0.00000E+00    0.00000E+00    0.00000E+00    0.00000E+00    0.00000E+00   -0.30555E-13
    0.31600E+07    0.00000E+00    0.00000E+00    0.00000E+00    0.00000E+00    0.00000E+00   -0.30946E-13
    0.31800E+07    0.00000E+00    0.00000E+00    0.00000E+00    0.00000E+00    0.00000E+00   -0.31339E-13
    0.32000E+07    0.00000E+00    0.00000E+00    0.00000E+00    0.00000E+00    0.00000E+00   -0.31734E-13
    0.32200E+07    0.00000E+00    0.00000E+00    0.00000E+00    0.00000E+00    0.00000E+00   -0.32132E-13
    0.32400E+07    0.00000E+00    0.00000E+00    0.00000E+00    0.00000E+00    0.00000E+00   -0.32533E-13
    0.32600E+07    0.00000E+00    0.00000E+00    0.00000E+00    0.00000E+00    0.00000E+00   -0.32935E-13
    0.32800E+07    0.00000E+00    0.00000E+00    0.00000E+00    0.00000E+00    0.00000E+00   -0.33341E-13
    0.33000E+07    0.00000E+00    0.00000E+00    0.00000E+00    0.00000E+00    0.00000E+00   -0.33749E-13
    0.33200E+07    0.00000E+00    0.00000E+00    0.00000E+00    0.00000E+00    0.00000E+00   -0.34159E-13
    0.33400E+07    0.00000E+00    0.00000E+00    0.00000E+00    0.00000E+00    0.00000E+00   -0.34572E-13
    0.33600E+07    0.00000E+00    0.00000E+00    0.00000E+00    0.00000E+00    0.00000E+00   -0.34987E-13
    0.33800E+07    0.00000E+00    0.00000E+00    0.00000E+00    0.00000E+00    0.00000E+00   -0.35405E-13
    0.34000E+07    0.00000E+00    0.00000E+00    0.00000E+00    0.00000E+00    0.00000E+00   -0.35825E-13
    0.34200E+07    0.00000E+00    0.00000E+00    0.00000E+00    0.00000E+00    0.00000E+00   -0.36248E-13
    0.34400E+07    0.00000E+00    0.00000E+00    0.00000E+00    0.00000E+00    0.00000E+00   -0.36673E-13
    0.34600E+07    0.00000E+00    0.00000E+00    0.00000E+00    0.00000E+00    0.00000E+00   -0.37101E-13
    0.34800E+07    0.00000E+00    0.00000E+00    0.00000E+00    0.00000E+00    0.00000E+00   -0.37531E-13
    0.34800E+07    0.00000E+00    0.00000E+00    0.00000E+00    0.00000E+00    0.00000E+00   -0.37531E-13
    0.34850E+07    0.00000E+00    0.00000E+00    0.00000E+00    0.00000E+00    0.00000E+00   -0.37639E-13
    0.34900E+07    0.00000E+00    0.00000E+00    0.00000E+00    0.00000E+00    0.00000E+00   -0.37747E-13
    0.34950E+07    0.00000E+00    0.00000E+00    0.00000E+00    0.00000E+00    0.00000E+00   -0.37855E-13
    0.35000E+07    0.00000E+00    0.00000E+00    0.00000E+00    0.00000E+00    0.00000E+00   -0.37963E-13
    0.35050E+07    0.00000E+00    0.00000E+00    0.00000E+00    0.00000E+00    0.00000E+00   -0.38072E-13
    0.35100E+07    0.00000E+00    0.00000E+00    0.00000E+00    0.00000E+00    0.00000E+00   -0.38181E-13
    0.35150E+07    0.00000E+00    0.00000E+00    0.00000E+00    0.00000E+00    0.00000E+00   -0.38289E-13
    0.35200E+07    0.00000E+00    0.00000E+00    0.00000E+00    0.00000E+00    0.00000E+00   -0.38398E-13
    0.35250E+07    0.00000E+00    0.00000E+00    0.00000E+00    0.00000E+00    0.00000E+00   -0.38508E-13
    0.35300E+07    0.00000E+00    0.00000E+00    0.00000E+00    0.00000E+00    0.00000E+00   -0.38617E-13
    0.35350E+07    0.00000E+00    0.00000E+00    0.00000E+00    0.00000E+00    0.00000E+00   -0.38726E-13
    0.35400E+07    0.00000E+00    0.00000E+00    0.00000E+00    0.00000E+00    0.00000E+00   -0.38836E-13
    0.35450E+07    0.00000E+00    0.00000E+00    0.00000E+00    0.00000E+00    0.00000E+00   -0.38946E-13
    0.35500E+07    0.00000E+00    0.00000E+00    0.00000E+00    0.00000E+00    0.00000E+00   -0.39056E-13
    0.35550E+07    0.00000E+00    0.00000E+00    0.00000E+00    0.00000E+00    0.00000E+00   -0.39166E-13
    0.35600E+07    0.00000E+00    0.00000E+00    0.00000E+00    0.00000E+00    0.00000E+00   -0.39276E-13
    0.35650E+07    0.00000E+00    0.00000E+00    0.00000E+00    0.00000E+00    0.00000E+00   -0.39386E-13
    0.35700E+07    0.00000E+00    0.00000E+00    0.00000E+00    0.00000E+00    0.00000E+00   -0.39497E-13
    0.35750E+07    0.00000E+00    0.00000E+00    0.00000E+00    0.00000E+00    0.00000E+00   -0.39608E-13
    0.35800E+07    0.00000E+00    0.00000E+00    0.00000E+00    0.00000E+00    0.00000E+00   -0.39719E-13
    0.35850E+07    0.00000E+00    0.00000E+00    0.00000E+00    0.00000E+00    0.00000E+00   -0.39830E-13
    0.35900E+07    0.00000E+00    0.00000E+00    0.00000E+00    0.00000E+00    0.00000E+00   -0.39941E-13
    0.35950E+07    0.00000E+00    0.00000E+00    0.00000E+00    0.00000E+00    0.00000E+00   -0.40052E-13
    0.36000E+07    0.00000E+00    0.00000E+00    0.00000E+00    0.00000E+00    0.00000E+00   -0.40164E-13
    0.36050E+07    0.00000E+00    0.00000E+00    0.00000E+00    0.00000E+00    0.00000E+00   -0.40275E-13
    0.36100E+07    0.00000E+00    0.00000E+00    0.00000E+00    0.00000E+00    0.00000E+00   -0.40387E-13
    0.36150E+07    0.00000E+00    0.00000E+00    0.00000E+00    0.00000E+00    0.00000E+00   -0.40499E-13
    0.36200E+07    0.00000E+00    0.00000E+00    0.00000E+00    0.00000E+00    0.00000E+00   -0.40611E-13
    0.36250E+07    0.00000E+00    0.00000E+00    0.00000E+00    0.00000E+00    0.00000E+00   -0.40723E-13
    0.36300E+07    0.00000E+00    0.00000E+00    0.00000E+00    0.00000E+00    0.00000E+00   -0.40836E-13
    0.36300E+07    0.00000E+00    0.00000E+00    0.00000E+00    0.00000E+00    0.00000E+00   -0.40836E-13
    0.36350E+07    0.00000E+00    0.00000E+00    0.00000E+00    0.00000E+00    0.00000E+00   -0.40948E-13
    0.36400E+07    0.00000E+00    0.00000E+00    0.00000E+00    0.00000E+00    0.00000E+00   -0.41061E-13
    0.36450E+07    0.00000E+00    0.00000E+00    0.00000E+00    0.00000E+00    0.00000E+00   -0.41174E-13
    0.36500E+07    0.00000E+00    0.00000E+00    0.00000E+00    0.00000E+00    0.00000E+00   -0.41287E-13
    0.36550E+07    0.00000E+00    0.00000E+00    0.00000E+00    0.00000E+00    0.00000E+00   -0.41400E-13
    0.36600E+07    0.00000E+00    0.00000E+00    0.00000E+00    0.00000E+00    0.00000E+00   -0.41514E-13
    0.36650E+07    0.00000E+00    0.00000E+00    0.00000E+00    0.00000E+00    0.00000E+00   -0.41627E-13
    0.36700E+07    0.00000E+00    0.00000E+00    0.00000E+00    0.00000E+00    0.00000E+00   -0.41741E-13
    0.36750E+07    0.00000E+00    0.00000E+00    0.00000E+00    0.00000E+00    0.00000E+00   -0.41855E-13
    0.36800E+07    0.00000E+00    0.00000E+00    0.00000E+00    0.00000E+00    0.00000E+00   -0.41969E-13
    0.36850E+07    0.00000E+00    0.00000E+00    0.00000E+00    0.00000E+00    0.00000E+00   -0.42083E-13
    0.36900E+07    0.00000E+00    0.00000E+00    0.00000E+00    0.00000E+00    0.00000E+00   -0.42197E-13
    0.36950E+07    0.00000E+00    0.00000E+00    0.00000E+00    0.00000E+00    0.00000E+00   -0.42311E-13
    0.37000E+07    0.00000E+00    0.00000E+00    0.00000E+00    0.00000E+00    0.00000E+00   -0.42426E-13
    0.37050E+07    0.00000E+00    0.00000E+00    0.00000E+00    0.00000E+00    0.00000E+00   -0.42541E-13
    0.37100E+07    0.00000E+00    0.00000E+00    0.00000E+00    0.00000E+00    0.00000E+00   -0.42656E-13
    0.37150E+07    0.00000E+00    0.00000E+00    0.00000E+00    0.00000E+00    0.00000E+00   -0.42771E-13
    0.37200E+07    0.00000E+00    0.00000E+00    0.00000E+00    0.00000E+00    0.00000E+00   -0.42886E-13
    0.37250E+07    0.00000E+00    0.00000E+00    0.00000E+00    0.00000E+00    0.00000E+00   -0.43001E-13
    0.37300E+07    0.00000E+00    0.00000E+00    0.00000E+00    0.00000E+00    0.00000E+00   -0.43117E-13
    0.37350E+07    0.00000E+00    0.00000E+00    0.00000E+00    0.00000E+00    0.00000E+00   -0.43232E-13
    0.37400E+07    0.00000E+00    0.00000E+00    0.00000E+00    0.00000E+00    0.00000E+00   -0.43348E-13
    0.37450E+07    0.00000E+00    0.00000E+00    0.00000E+00    0.00000E+00    0.00000E+00   -0.43464E-13
    0.37500E+07    0.00000E+00    0.00000E+00    0.00000E+00    0.00000E+00    0.00000E+00   -0.43580E-13
    0.37550E+07    0.00000E+00    0.00000E+00    0.00000E+00    0.00000E+00    0.00000E+00   -0.43697E-13
    0.37600E+07    0.00000E+00    0.00000E+00    0.00000E+00    0.00000E+00    0.00000E+00   -0.43813E-13
    0.37650E+07    0.00000E+00    0.00000E+00    0.00000E+00    0.00000E+00    0.00000E+00   -0.43930E-13
    0.37700E+07    0.00000E+00    0.00000E+00    0.00000E+00    0.00000E+00    0.00000E+00   -0.44046E-13
    0.37750E+07    0.00000E+00    0.00000E+00    0.00000E+00    0.00000E+00    0.00000E+00   -0.44163E-13
    0.37800E+07    0.00000E+00    0.00000E+00    0.00000E+00    0.00000E+00    0.00000E+00   -0.44280E-13
    0.37850E+07    0.00000E+00    0.00000E+00    0.00000E+00    0.00000E+00    0.00000E+00   -0.44398E-13
    0.37900E+07    0.00000E+00    0.00000E+00    0.00000E+00    0.00000E+00    0.00000E+00   -0.44515E-13
    0.37950E+07    0.00000E+00    0.00000E+00    0.00000E+00    0.00000E+00    0.00000E+00   -0.44633E-13
    0.38000E+07    0.00000E+00    0.00000E+00    0.00000E+00    0.00000E+00    0.00000E+00   -0.44750E-13
    0.38050E+07    0.00000E+00    0.00000E+00    0.00000E+00    0.00000E+00    0.00000E+00   -0.44868E-13
    0.38100E+07    0.00000E+00    0.00000E+00    0.00000E+00    0.00000E+00    0.00000E+00   -0.44986E-13
    0.38150E+07    0.00000E+00    0.00000E+00    0.00000E+00    0.00000E+00    0.00000E+00   -0.45104E-13
    0.38200E+07    0.00000E+00    0.00000E+00    0.00000E+00    0.00000E+00    0.00000E+00   -0.45223E-13
    0.38250E+07    0.00000E+00    0.00000E+00    0.00000E+00    0.00000E+00    0.00000E+00   -0.45341E-13
    0.38300E+07    0.00000E+00    0.00000E+00    0.00000E+00    0.00000E+00    0.00000E+00   -0.45460E-13
    0.38350E+07    0.00000E+00    0.00000E+00    0.00000E+00    0.00000E+00    0.00000E+00   -0.45578E-13
    0.38400E+07    0.00000E+00    0.00000E+00    0.00000E+00    0.00000E+00    0.00000E+00   -0.45697E-13
    0.38450E+07    0.00000E+00    0.00000E+00    0.00000E+00    0.00000E+00    0.00000E+00   -0.45816E-13
    0.38500E+07    0.00000E+00    0.00000E+00    0.00000E+00    0.00000E+00    0.00000E+00   -0.45936E-13
    0.38550E+07    0.00000E+00    0.00000E+00    0.00000E+00    0.00000E+00    0.00000E+00   -0.46055E-13
    0.38600E+07    0.00000E+00    0.00000E+00    0.00000E+00    0.00000E+00    0.00000E+00   -0.46175E-13
    0.38650E+07    0.00000E+00    0.00000E+00    0.00000E+00    0.00000E+00    0.00000E+00   -0.46294E-13
    0.38700E+07    0.00000E+00    0.00000E+00    0.00000E+00    0.00000E+00    0.00000E+00   -0.46414E-13
    0.38750E+07    0.00000E+00    0.00000E+00    0.00000E+00    0.00000E+00    0.00000E+00   -0.46534E-13
    0.38800E+07    0.00000E+00    0.00000E+00    0.00000E+00    0.00000E+00    0.00000E+00   -0.46654E-13
    0.38850E+07    0.00000E+00    0.00000E+00    0.00000E+00    0.00000E+00    0.00000E+00   -0.46775E-13
    0.38900E+07    0.00000E+00    0.00000E+00    0.00000E+00    0.00000E+00    0.00000E+00   -0.46895E-13
    0.38950E+07    0.00000E+00    0.00000E+00    0.00000E+00    0.00000E+00    0.00000E+00   -0.47016E-13
    0.39000E+07    0.00000E+00    0.00000E+00    0.00000E+00    0.00000E+00    0.00000E+00   -0.47136E-13
    0.39050E+07    0.00000E+00    0.00000E+00    0.00000E+00    0.00000E+00    0.00000E+00   -0.47257E-13
    0.39100E+07    0.00000E+00    0.00000E+00    0.00000E+00    0.00000E+00    0.00000E+00   -0.47379E-13
    0.39150E+07    0.00000E+00    0.00000E+00    0.00000E+00    0.00000E+00    0.00000E+00   -0.47500E-13
    0.39200E+07    0.00000E+00    0.00000E+00    0.00000E+00    0.00000E+00    0.00000E+00   -0.47621E-13
    0.39250E+07    0.00000E+00    0.00000E+00    0.00000E+00    0.00000E+00    0.00000E+00   -0.47743E-13
    0.39300E+07    0.00000E+00    0.00000E+00    0.00000E+00    0.00000E+00    0.00000E+00   -0.47864E-13
    0.39350E+07    0.00000E+00    0.00000E+00    0.00000E+00    0.00000E+00    0.00000E+00   -0.47986E-13
    0.39400E+07    0.00000E+00    0.00000E+00    0.00000E+00    0.00000E+00    0.00000E+00   -0.48108E-13
    0.39450E+07    0.00000E+00    0.00000E+00    0.00000E+00    0.00000E+00    0.00000E+00   -0.48231E-13
    0.39500E+07    0.00000E+00    0.00000E+00    0.00000E+00    0.00000E+00    0.00000E+00   -0.48353E-13
    0.39550E+07    0.00000E+00    0.00000E+00    0.00000E+00    0.00000E+00    0.00000E+00   -0.48475E-13
    0.39600E+07    0.00000E+00    0.00000E+00    0.00000E+00    0.00000E+00    0.00000E+00   -0.48598E-13
    0.39650E+07    0.00000E+00    0.00000E+00    0.00000E+00    0.00000E+00    0.00000E+00   -0.48721E-13
    0.39700E+07    0.00000E+00    0.00000E+00    0.00000E+00    0.00000E+00    0.00000E+00   -0.48844E-13
    0.39750E+07    0.00000E+00    0.00000E+00    0.00000E+00    0.00000E+00    0.00000E+00   -0.48967E-13
    0.39800E+07    0.00000E+00    0.00000E+00    0.00000E+00    0.00000E+00    0.00000E+00   -0.49090E-13
    0.39850E+07    0.00000E+00    0.00000E+00    0.00000E+00    0.00000E+00    0.00000E+00   -0.49214E-13
    0.39900E+07    0.00000E+00    0.00000E+00    0.00000E+00    0.00000E+00    0.00000E+00   -0.49337E-13
    0.39950E+07    0.00000E+00    0.00000E+00    0.00000E+00    0.00000E+00    0.00000E+00   -0.49461E-13
    0.40000E+07    0.00000E+00    0.00000E+00    0.00000E+00    0.00000E+00    0.00000E+00   -0.49585E-13
    0.40050E+07    0.00000E+00    0.00000E+00    0.00000E+00    0.00000E+00    0.00000E+00   -0.49709E-13
    0.40100E+07    0.00000E+00    0.00000E+00    0.00000E+00    0.00000E+00    0.00000E+00   -0.49833E-13
    0.40150E+07    0.00000E+00    0.00000E+00    0.00000E+00    0.00000E+00    0.00000E+00   -0.49957E-13
    0.40200E+07    0.00000E+00    0.00000E+00    0.00000E+00    0.00000E+00    0.00000E+00   -0.50082E-13
    0.40250E+07    0.00000E+00    0.00000E+00    0.00000E+00    0.00000E+00    0.00000E+00   -0.50206E-13
    0.40300E+07    0.00000E+00    0.00000E+00    0.00000E+00    0.00000E+00    0.00000E+00   -0.50331E-13
    0.40350E+07    0.00000E+00    0.00000E+00    0.00000E+00    0.00000E+00    0.00000E+00   -0.50456E-13
    0.40400E+07    0.00000E+00    0.00000E+00    0.00000E+00    0.00000E+00    0.00000E+00   -0.50581E-13
    0.40450E+07    0.00000E+00    0.00000E+00    0.00000E+00    0.00000E+00    0.00000E+00   -0.50707E-13
    0.40500E+07    0.00000E+00    0.00000E+00    0.00000E+00    0.00000E+00    0.00000E+00   -0.50832E-13
    0.40550E+07    0.00000E+00    0.00000E+00    0.00000E+00    0.00000E+00    0.00000E+00   -0.50958E-13
    0.40600E+07    0.00000E+00    0.00000E+00    0.00000E+00    0.00000E+00    0.00000E+00   -0.51083E-13
    0.40650E+07    0.00000E+00    0.00000E+00    0.00000E+00    0.00000E+00    0.00000E+00   -0.51209E-13
    0.40700E+07    0.00000E+00    0.00000E+00    0.00000E+00    0.00000E+00    0.00000E+00   -0.51335E-13
    0.40750E+07    0.00000E+00    0.00000E+00    0.00000E+00    0.00000E+00    0.00000E+00   -0.51462E-13
    0.40800E+07    0.00000E+00    0.00000E+00    0.00000E+00    0.00000E+00    0.00000E+00   -0.51588E-13
    0.40850E+07    0.00000E+00    0.00000E+00    0.00000E+00    0.00000E+00    0.00000E+00   -0.51714E-13
    0.40900E+07    0.00000E+00    0.00000E+00    0.00000E+00    0.00000E+00    0.00000E+00   -0.51841E-13
    0.40950E+07    0.00000E+00    0.00000E+00    0.00000E+00    0.00000E+00    0.00000E+00   -0.51968E-13
    0.41000E+07    0.00000E+00    0.00000E+00    0.00000E+00    0.00000E+00    0.00000E+00   -0.52095E-13
    0.41050E+07    0.00000E+00    0.00000E+00    0.00000E+00    0.00000E+00    0.00000E+00   -0.52222E-13
    0.41100E+07    0.00000E+00    0.00000E+00    0.00000E+00    0.00000E+00    0.00000E+00   -0.52349E-13
    0.41150E+07    0.00000E+00    0.00000E+00    0.00000E+00    0.00000E+00    0.00000E+00   -0.52477E-13
    0.41200E+07    0.00000E+00    0.00000E+00    0.00000E+00    0.00000E+00    0.00000E+00   -0.52604E-13
    0.41250E+07    0.00000E+00    0.00000E+00    0.00000E+00    0.00000E+00    0.00000E+00   -0.52732E-13
    0.41300E+07    0.00000E+00    0.00000E+00    0.00000E+00    0.00000E+00    0.00000E+00   -0.52860E-13
    0.41350E+07    0.00000E+00    0.00000E+00    0.00000E+00    0.00000E+00    0.00000E+00   -0.52988E-13
    0.41400E+07    0.00000E+00    0.00000E+00    0.00000E+00    0.00000E+00    0.00000E+00   -0.53116E-13
    0.41450E+07    0.00000E+00    0.00000E+00    0.00000E+00    0.00000E+00    0.00000E+00   -0.53245E-13
    0.41500E+07    0.00000E+00    0.00000E+00    0.00000E+00    0.00000E+00    0.00000E+00   -0.53373E-13
    0.41550E+07    0.00000E+00    0.00000E+00    0.00000E+00    0.00000E+00    0.00000E+00   -0.53502E-13
    0.41600E+07    0.00000E+00    0.00000E+00    0.00000E+00    0.00000E+00    0.00000E+00   -0.53631E-13
    0.41650E+07    0.00000E+00    0.00000E+00    0.00000E+00    0.00000E+00    0.00000E+00   -0.53760E-13
    0.41700E+07    0.00000E+00    0.00000E+00    0.00000E+00    0.00000E+00    0.00000E+00   -0.53889E-13
    0.41750E+07    0.00000E+00    0.00000E+00    0.00000E+00    0.00000E+00    0.00000E+00   -0.54018E-13
    0.41800E+07    0.00000E+00    0.00000E+00    0.00000E+00    0.00000E+00    0.00000E+00   -0.54148E-13
    0.41850E+07    0.00000E+00    0.00000E+00    0.00000E+00    0.00000E+00    0.00000E+00   -0.54277E-13
    0.41900E+07    0.00000E+00    0.00000E+00    0.00000E+00    0.00000E+00    0.00000E+00   -0.54407E-13
    0.41950E+07    0.00000E+00    0.00000E+00    0.00000E+00    0.00000E+00    0.00000E+00   -0.54537E-13
    0.42000E+07    0.00000E+00    0.00000E+00    0.00000E+00    0.00000E+00    0.00000E+00   -0.54667E-13
    0.42050E+07    0.00000E+00    0.00000E+00    0.00000E+00    0.00000E+00    0.00000E+00   -0.54797E-13
    0.42100E+07    0.00000E+00    0.00000E+00    0.00000E+00    0.00000E+00    0.00000E+00   -0.54928E-13
    0.42150E+07    0.00000E+00    0.00000E+00    0.00000E+00    0.00000E+00    0.00000E+00   -0.55058E-13
    0.42200E+07    0.00000E+00    0.00000E+00    0.00000E+00    0.00000E+00    0.00000E+00   -0.55189E-13
    0.42250E+07    0.00000E+00    0.00000E+00    0.00000E+00    0.00000E+00    0.00000E+00   -0.55320E-13
    0.42300E+07    0.00000E+00    0.00000E+00    0.00000E+00    0.00000E+00    0.00000E+00   -0.55451E-13
    0.42350E+07    0.00000E+00    0.00000E+00    0.00000E+00    0.00000E+00    0.00000E+00   -0.55582E-13
    0.42400E+07    0.00000E+00    0.00000E+00    0.00000E+00    0.00000E+00    0.00000E+00   -0.55713E-13
    0.42450E+07    0.00000E+00    0.00000E+00    0.00000E+00    0.00000E+00    0.00000E+00   -0.55845E-13
    0.42500E+07    0.00000E+00    0.00000E+00    0.00000E+00    0.00000E+00    0.00000E+00   -0.55977E-13
    0.42550E+07    0.00000E+00    0.00000E+00    0.00000E+00    0.00000E+00    0.00000E+00   -0.56108E-13
    0.42600E+07    0.00000E+00    0.00000E+00    0.00000E+00    0.00000E+00    0.00000E+00   -0.56240E-13
    0.42650E+07    0.00000E+00    0.00000E+00    0.00000E+00    0.00000E+00    0.00000E+00   -0.56372E-13
    0.42700E+07    0.00000E+00    0.00000E+00    0.00000E+00    0.00000E+00    0.00000E+00   -0.56505E-13
    0.42750E+07    0.00000E+00    0.00000E+00    0.00000E+00    0.00000E+00    0.00000E+00   -0.56637E-13
    0.42800E+07    0.00000E+00    0.00000E+00    0.00000E+00    0.00000E+00    0.00000E+00   -0.56770E-13
    0.42850E+07    0.00000E+00    0.00000E+00    0.00000E+00    0.00000E+00    0.00000E+00   -0.56902E-13
    0.42900E+07    0.00000E+00    0.00000E+00    0.00000E+00    0.00000E+00    0.00000E+00   -0.57035E-13
    0.42950E+07    0.00000E+00    0.00000E+00    0.00000E+00    0.00000E+00    0.00000E+00   -0.57168E-13
    0.43000E+07    0.00000E+00    0.00000E+00    0.00000E+00    0.00000E+00    0.00000E+00   -0.57301E-13
    0.43050E+07    0.00000E+00    0.00000E+00    0.00000E+00    0.00000E+00    0.00000E+00   -0.57435E-13
    0.43100E+07    0.00000E+00    0.00000E+00    0.00000E+00    0.00000E+00    0.00000E+00   -0.57568E-13
    0.43150E+07    0.00000E+00    0.00000E+00    0.00000E+00    0.00000E+00    0.00000E+00   -0.57702E-13
    0.43200E+07    0.00000E+00    0.00000E+00    0.00000E+00    0.00000E+00    0.00000E+00   -0.57836E-13
    0.43250E+07    0.00000E+00    0.00000E+00    0.00000E+00    0.00000E+00    0.00000E+00   -0.57970E-13
    0.43300E+07    0.00000E+00    0.00000E+00    0.00000E+00    0.00000E+00    0.00000E+00   -0.58104E-13
    0.43350E+07    0.00000E+00    0.00000E+00    0.00000E+00    0.00000E+00    0.00000E+00   -0.58238E-13
    0.43400E+07    0.00000E+00    0.00000E+00    0.00000E+00    0.00000E+00    0.00000E+00   -0.58372E-13
    0.43450E+07    0.00000E+00    0.00000E+00    0.00000E+00    0.00000E+00    0.00000E+00   -0.58507E-13
    0.43500E+07    0.00000E+00    0.00000E+00    0.00000E+00    0.00000E+00    0.00000E+00   -0.58642E-13
    0.43550E+07    0.00000E+00    0.00000E+00    0.00000E+00    0.00000E+00    0.00000E+00   -0.58777E-13
    0.43600E+07    0.00000E+00    0.00000E+00    0.00000E+00    0.00000E+00    0.00000E+00   -0.58912E-13
    0.43650E+07    0.00000E+00    0.00000E+00    0.00000E+00    0.00000E+00    0.00000E+00   -0.59047E-13
    0.43700E+07    0.00000E+00    0.00000E+00    0.00000E+00    0.00000E+00    0.00000E+00   -0.59182E-13
    0.43750E+07    0.00000E+00    0.00000E+00    0.00000E+00    0.00000E+00    0.00000E+00   -0.59318E-13
    0.43800E+07    0.00000E+00    0.00000E+00    0.00000E+00    0.00000E+00    0.00000E+00   -0.59453E-13
    0.43850E+07    0.00000E+00    0.00000E+00    0.00000E+00    0.00000E+00    0.00000E+00   -0.59589E-13
    0.43900E+07    0.00000E+00    0.00000E+00    0.00000E+00    0.00000E+00    0.00000E+00   -0.59725E-13
    0.43950E+07    0.00000E+00    0.00000E+00    0.00000E+00    0.00000E+00    0.00000E+00   -0.59861E-13
    0.44000E+07    0.00000E+00    0.00000E+00    0.00000E+00    0.00000E+00    0.00000E+00   -0.59998E-13
    0.44050E+07    0.00000E+00    0.00000E+00    0.00000E+00    0.00000E+00    0.00000E+00   -0.60134E-13
    0.44100E+07    0.00000E+00    0.00000E+00    0.00000E+00    0.00000E+00    0.00000E+00   -0.60271E-13
    0.44150E+07    0.00000E+00    0.00000E+00    0.00000E+00    0.00000E+00    0.00000E+00   -0.60407E-13
    0.44200E+07    0.00000E+00    0.00000E+00    0.00000E+00    0.00000E+00    0.00000E+00   -0.60544E-13
    0.44250E+07    0.00000E+00    0.00000E+00    0.00000E+00    0.00000E+00    0.00000E+00   -0.60681E-13
    0.44300E+07    0.00000E+00    0.00000E+00    0.00000E+00    0.00000E+00    0.00000E+00   -0.60818E-13
    0.44350E+07    0.00000E+00    0.00000E+00    0.00000E+00    0.00000E+00    0.00000E+00   -0.60956E-13
    0.44400E+07    0.00000E+00    0.00000E+00    0.00000E+00    0.00000E+00    0.00000E+00   -0.61093E-13
    0.44450E+07    0.00000E+00    0.00000E+00    0.00000E+00    0.00000E+00    0.00000E+00   -0.61231E-13
    0.44500E+07    0.00000E+00    0.00000E+00    0.00000E+00    0.00000E+00    0.00000E+00   -0.61369E-13
    0.44550E+07    0.00000E+00    0.00000E+00    0.00000E+00    0.00000E+00    0.00000E+00   -0.61507E-13
    0.44600E+07    0.00000E+00    0.00000E+00    0.00000E+00    0.00000E+00    0.00000E+00   -0.61645E-13
    0.44650E+07    0.00000E+00    0.00000E+00    0.00000E+00    0.00000E+00    0.00000E+00   -0.61783E-13
    0.44700E+07    0.00000E+00    0.00000E+00    0.00000E+00    0.00000E+00    0.00000E+00   -0.61922E-13
    0.44750E+07    0.00000E+00    0.00000E+00    0.00000E+00    0.00000E+00    0.00000E+00   -0.62060E-13
    0.44800E+07    0.00000E+00    0.00000E+00    0.00000E+00    0.00000E+00    0.00000E+00   -0.62199E-13
    0.44850E+07    0.00000E+00    0.00000E+00    0.00000E+00    0.00000E+00    0.00000E+00   -0.62338E-13
    0.44900E+07    0.00000E+00    0.00000E+00    0.00000E+00    0.00000E+00    0.00000E+00   -0.62477E-13
    0.44950E+07    0.00000E+00    0.00000E+00    0.00000E+00    0.00000E+00    0.00000E+00   -0.62616E-13
    0.45000E+07    0.00000E+00    0.00000E+00    0.00000E+00    0.00000E+00    0.00000E+00   -0.62756E-13
    0.45050E+07    0.00000E+00    0.00000E+00    0.00000E+00    0.00000E+00    0.00000E+00   -0.62895E-13
    0.45100E+07    0.00000E+00    0.00000E+00    0.00000E+00    0.00000E+00    0.00000E+00   -0.63035E-13
    0.45150E+07    0.00000E+00    0.00000E+00    0.00000E+00    0.00000E+00    0.00000E+00   -0.63175E-13
    0.45200E+07    0.00000E+00    0.00000E+00    0.00000E+00    0.00000E+00    0.00000E+00   -0.63315E-13
    0.45250E+07    0.00000E+00    0.00000E+00    0.00000E+00    0.00000E+00    0.00000E+00   -0.63455E-13
    0.45300E+07    0.00000E+00    0.00000E+00    0.00000E+00    0.00000E+00    0.00000E+00   -0.63595E-13
    0.45350E+07    0.00000E+00    0.00000E+00    0.00000E+00    0.00000E+00    0.00000E+00   -0.63736E-13
    0.45400E+07    0.00000E+00    0.00000E+00    0.00000E+00    0.00000E+00    0.00000E+00   -0.63876E-13
    0.45450E+07    0.00000E+00    0.00000E+00    0.00000E+00    0.00000E+00    0.00000E+00   -0.64017E-13
    0.45500E+07    0.00000E+00    0.00000E+00    0.00000E+00    0.00000E+00    0.00000E+00   -0.64158E-13
    0.45550E+07    0.00000E+00    0.00000E+00    0.00000E+00    0.00000E+00    0.00000E+00   -0.64299E-13
    0.45600E+07    0.00000E+00    0.00000E+00    0.00000E+00    0.00000E+00    0.00000E+00   -0.64440E-13
    0.45650E+07    0.00000E+00    0.00000E+00    0.00000E+00    0.00000E+00    0.00000E+00   -0.64582E-13
    0.45700E+07    0.00000E+00    0.00000E+00    0.00000E+00    0.00000E+00    0.00000E+00   -0.64723E-13
    0.45750E+07    0.00000E+00    0.00000E+00    0.00000E+00    0.00000E+00    0.00000E+00   -0.64865E-13
    0.45800E+07    0.00000E+00    0.00000E+00    0.00000E+00    0.00000E+00    0.00000E+00   -0.65007E-13
    0.45850E+07    0.00000E+00    0.00000E+00    0.00000E+00    0.00000E+00    0.00000E+00   -0.65149E-13
    0.45900E+07    0.00000E+00    0.00000E+00    0.00000E+00    0.00000E+00    0.00000E+00   -0.65291E-13
    0.45950E+07    0.00000E+00    0.00000E+00    0.00000E+00    0.00000E+00    0.00000E+00   -0.65433E-13
    0.46000E+07    0.00000E+00    0.00000E+00    0.00000E+00    0.00000E+00    0.00000E+00   -0.65576E-13
    0.46050E+07    0.00000E+00    0.00000E+00    0.00000E+00    0.00000E+00    0.00000E+00   -0.65718E-13
    0.46100E+07    0.00000E+00    0.00000E+00    0.00000E+00    0.00000E+00    0.00000E+00   -0.65861E-13
    0.46150E+07    0.00000E+00    0.00000E+00    0.00000E+00    0.00000E+00    0.00000E+00   -0.66004E-13
    0.46200E+07    0.00000E+00    0.00000E+00    0.00000E+00    0.00000E+00    0.00000E+00   -0.66147E-13
    0.46250E+07    0.00000E+00    0.00000E+00    0.00000E+00    0.00000E+00    0.00000E+00   -0.66291E-13
    0.46300E+07    0.00000E+00    0.00000E+00    0.00000E+00    0.00000E+00    0.00000E+00   -0.66434E-13
    0.46350E+07    0.00000E+00    0.00000E+00    0.00000E+00    0.00000E+00    0.00000E+00   -0.66577E-13
    0.46400E+07    0.00000E+00    0.00000E+00    0.00000E+00    0.00000E+00    0.00000E+00   -0.66721E-13
    0.46450E+07    0.00000E+00    0.00000E+00    0.00000E+00    0.00000E+00    0.00000E+00   -0.66865E-13
    0.46500E+07    0.00000E+00    0.00000E+00    0.00000E+00    0.00000E+00    0.00000E+00   -0.67009E-13
    0.46550E+07    0.00000E+00    0.00000E+00    0.00000E+00    0.00000E+00    0.00000E+00   -0.67153E-13
    0.46600E+07    0.00000E+00    0.00000E+00    0.00000E+00    0.00000E+00    0.00000E+00   -0.67298E-13
    0.46650E+07    0.00000E+00    0.00000E+00    0.00000E+00    0.00000E+00    0.00000E+00   -0.67442E-13
    0.46700E+07    0.00000E+00    0.00000E+00    0.00000E+00    0.00000E+00    0.00000E+00   -0.67587E-13
    0.46750E+07    0.00000E+00    0.00000E+00    0.00000E+00    0.00000E+00    0.00000E+00   -0.67732E-13
    0.46800E+07    0.00000E+00    0.00000E+00    0.00000E+00    0.00000E+00    0.00000E+00   -0.67877E-13
    0.46850E+07    0.00000E+00    0.00000E+00    0.00000E+00    0.00000E+00    0.00000E+00   -0.68022E-13
    0.46900E+07    0.00000E+00    0.00000E+00    0.00000E+00    0.00000E+00    0.00000E+00   -0.68167E-13
    0.46950E+07    0.00000E+00    0.00000E+00    0.00000E+00    0.00000E+00    0.00000E+00   -0.68312E-13
    0.47000E+07    0.00000E+00    0.00000E+00    0.00000E+00    0.00000E+00    0.00000E+00   -0.68458E-13
    0.47050E+07    0.00000E+00    0.00000E+00    0.00000E+00    0.00000E+00    0.00000E+00   -0.68604E-13
    0.47100E+07    0.00000E+00    0.00000E+00    0.00000E+00    0.00000E+00    0.00000E+00   -0.68750E-13
    0.47150E+07    0.00000E+00    0.00000E+00    0.00000E+00    0.00000E+00    0.00000E+00   -0.68896E-13
    0.47200E+07    0.00000E+00    0.00000E+00    0.00000E+00    0.00000E+00    0.00000E+00   -0.69042E-13
    0.47250E+07    0.00000E+00    0.00000E+00    0.00000E+00    0.00000E+00    0.00000E+00   -0.69188E-13
    0.47300E+07    0.00000E+00    0.00000E+00    0.00000E+00    0.00000E+00    0.00000E+00   -0.69335E-13
    0.47350E+07    0.00000E+00    0.00000E+00    0.00000E+00    0.00000E+00    0.00000E+00   -0.69481E-13
    0.47400E+07    0.00000E+00    0.00000E+00    0.00000E+00    0.00000E+00    0.00000E+00   -0.69628E-13
    0.47450E+07    0.00000E+00    0.00000E+00    0.00000E+00    0.00000E+00    0.00000E+00   -0.69775E-13
    0.47500E+07    0.00000E+00    0.00000E+00    0.00000E+00    0.00000E+00    0.00000E+00   -0.69922E-13
    0.47550E+07    0.00000E+00    0.00000E+00    0.00000E+00    0.00000E+00    0.00000E+00   -0.70069E-13
    0.47600E+07    0.00000E+00    0.00000E+00    0.00000E+00    0.00000E+00    0.00000E+00   -0.70217E-13
    0.47650E+07    0.00000E+00    0.00000E+00    0.00000E+00    0.00000E+00    0.00000E+00   -0.70365E-13
    0.47700E+07    0.00000E+00    0.00000E+00    0.00000E+00    0.00000E+00    0.00000E+00   -0.70512E-13
    0.47750E+07    0.00000E+00    0.00000E+00    0.00000E+00    0.00000E+00    0.00000E+00   -0.70660E-13
    0.47800E+07    0.00000E+00    0.00000E+00    0.00000E+00    0.00000E+00    0.00000E+00   -0.70808E-13
    0.47850E+07    0.00000E+00    0.00000E+00    0.00000E+00    0.00000E+00    0.00000E+00   -0.70956E-13
    0.47900E+07    0.00000E+00    0.00000E+00    0.00000E+00    0.00000E+00    0.00000E+00   -0.71105E-13
    0.47950E+07    0.00000E+00    0.00000E+00    0.00000E+00    0.00000E+00    0.00000E+00   -0.71253E-13
    0.48000E+07    0.00000E+00    0.00000E+00    0.00000E+00    0.00000E+00    0.00000E+00   -0.71402E-13
    0.48050E+07    0.00000E+00    0.00000E+00    0.00000E+00    0.00000E+00    0.00000E+00   -0.71551E-13
    0.48100E+07    0.00000E+00    0.00000E+00    0.00000E+00    0.00000E+00    0.00000E+00   -0.71700E-13
    0.48150E+07    0.00000E+00    0.00000E+00    0.00000E+00    0.00000E+00    0.00000E+00   -0.71849E-13
    0.48200E+07    0.00000E+00    0.00000E+00    0.00000E+00    0.00000E+00    0.00000E+00   -0.71998E-13
    0.48250E+07    0.00000E+00    0.00000E+00    0.00000E+00    0.00000E+00    0.00000E+00   -0.72148E-13
    0.48300E+07    0.00000E+00    0.00000E+00    0.00000E+00    0.00000E+00    0.00000E+00   -0.72297E-13
    0.48350E+07    0.00000E+00    0.00000E+00    0.00000E+00    0.00000E+00    0.00000E+00   -0.72447E-13
    0.48400E+07    0.00000E+00    0.00000E+00    0.00000E+00    0.00000E+00    0.00000E+00   -0.72597E-13
    0.48450E+07    0.00000E+00    0.00000E+00    0.00000E+00    0.00000E+00    0.00000E+00   -0.72747E-13
    0.48500E+07    0.00000E+00    0.00000E+00    0.00000E+00    0.00000E+00    0.00000E+00   -0.72897E-13
    0.48550E+07    0.00000E+00    0.00000E+00    0.00000E+00    0.00000E+00    0.00000E+00   -0.73048E-13
    0.48600E+07    0.00000E+00    0.00000E+00    0.00000E+00    0.00000E+00    0.00000E+00   -0.73198E-13
    0.48650E+07    0.00000E+00    0.00000E+00    0.00000E+00    0.00000E+00    0.00000E+00   -0.73349E-13
    0.48700E+07    0.00000E+00    0.00000E+00    0.00000E+00    0.00000E+00    0.00000E+00   -0.73500E-13
    0.48750E+07    0.00000E+00    0.00000E+00    0.00000E+00    0.00000E+00    0.00000E+00   -0.73651E-13
    0.48800E+07    0.00000E+00    0.00000E+00    0.00000E+00    0.00000E+00    0.00000E+00   -0.73802E-13
    0.48850E+07    0.00000E+00    0.00000E+00    0.00000E+00    0.00000E+00    0.00000E+00   -0.73953E-13
    0.48900E+07    0.00000E+00    0.00000E+00    0.00000E+00    0.00000E+00    0.00000E+00   -0.74105E-13
    0.48950E+07    0.00000E+00    0.00000E+00    0.00000E+00    0.00000E+00    0.00000E+00   -0.74256E-13
    0.49000E+07    0.00000E+00    0.00000E+00    0.00000E+00    0.00000E+00    0.00000E+00   -0.74408E-13
    0.49050E+07    0.00000E+00    0.00000E+00    0.00000E+00    0.00000E+00    0.00000E+00   -0.74560E-13
    0.49100E+07    0.00000E+00    0.00000E+00    0.00000E+00    0.00000E+00    0.00000E+00   -0.74712E-13
    0.49150E+07    0.00000E+00    0.00000E+00    0.00000E+00    0.00000E+00    0.00000E+00   -0.74864E-13
    0.49200E+07    0.00000E+00    0.00000E+00    0.00000E+00    0.00000E+00    0.00000E+00   -0.75017E-13
    0.49250E+07    0.00000E+00    0.00000E+00    0.00000E+00    0.00000E+00    0.00000E+00   -0.75169E-13
    0.49300E+07    0.00000E+00    0.00000E+00    0.00000E+00    0.00000E+00    0.00000E+00   -0.75322E-13
    0.49350E+07    0.00000E+00    0.00000E+00    0.00000E+00    0.00000E+00    0.00000E+00   -0.75475E-13
    0.49400E+07    0.00000E+00    0.00000E+00    0.00000E+00    0.00000E+00    0.00000E+00   -0.75628E-13
    0.49450E+07    0.00000E+00    0.00000E+00    0.00000E+00    0.00000E+00    0.00000E+00   -0.75781E-13
    0.49500E+07    0.00000E+00    0.00000E+00    0.00000E+00    0.00000E+00    0.00000E+00   -0.75934E-13
    0.49550E+07    0.00000E+00    0.00000E+00    0.00000E+00    0.00000E+00    0.00000E+00   -0.76088E-13
    0.49600E+07    0.00000E+00    0.00000E+00    0.00000E+00    0.00000E+00    0.00000E+00   -0.76241E-13
    0.49650E+07    0.00000E+00    0.00000E+00    0.00000E+00    0.00000E+00    0.00000E+00   -0.76395E-13
    0.49700E+07    0.00000E+00    0.00000E+00    0.00000E+00    0.00000E+00    0.00000E+00   -0.76549E-13
    0.49750E+07    0.00000E+00    0.00000E+00    0.00000E+00    0.00000E+00    0.00000E+00   -0.76703E-13
    0.49800E+07    0.00000E+00    0.00000E+00    0.00000E+00    0.00000E+00    0.00000E+00   -0.76858E-13
    0.49850E+07    0.00000E+00    0.00000E+00    0.00000E+00    0.00000E+00    0.00000E+00   -0.77012E-13
    0.49900E+07    0.00000E+00    0.00000E+00    0.00000E+00    0.00000E+00    0.00000E+00   -0.77167E-13
    0.49950E+07    0.00000E+00    0.00000E+00    0.00000E+00    0.00000E+00    0.00000E+00   -0.77321E-13
    0.50000E+07    0.00000E+00    0.00000E+00    0.00000E+00    0.00000E+00    0.00000E+00   -0.77476E-13
    0.50050E+07    0.00000E+00    0.00000E+00    0.00000E+00    0.00000E+00    0.00000E+00   -0.77631E-13
    0.50100E+07    0.00000E+00    0.00000E+00    0.00000E+00    0.00000E+00    0.00000E+00   -0.77786E-13
    0.50150E+07    0.00000E+00    0.00000E+00    0.00000E+00    0.00000E+00    0.00000E+00   -0.77942E-13
    0.50200E+07    0.00000E+00    0.00000E+00    0.00000E+00    0.00000E+00    0.00000E+00   -0.78097E-13
    0.50250E+07    0.00000E+00    0.00000E+00    0.00000E+00    0.00000E+00    0.00000E+00   -0.78253E-13
    0.50300E+07    0.00000E+00    0.00000E+00    0.00000E+00    0.00000E+00    0.00000E+00   -0.78409E-13
    0.50350E+07    0.00000E+00    0.00000E+00    0.00000E+00    0.00000E+00    0.00000E+00   -0.78565E-13
    0.50400E+07    0.00000E+00    0.00000E+00    0.00000E+00    0.00000E+00    0.00000E+00   -0.78721E-13
    0.50450E+07    0.00000E+00    0.00000E+00    0.00000E+00    0.00000E+00    0.00000E+00   -0.78877E-13
    0.50500E+07    0.00000E+00    0.00000E+00    0.00000E+00    0.00000E+00    0.00000E+00   -0.79033E-13
    0.50550E+07    0.00000E+00    0.00000E+00    0.00000E+00    0.00000E+00    0.00000E+00   -0.79190E-13
    0.50600E+07    0.00000E+00    0.00000E+00    0.00000E+00    0.00000E+00    0.00000E+00   -0.79347E-13
    0.50650E+07    0.00000E+00    0.00000E+00    0.00000E+00    0.00000E+00    0.00000E+00   -0.79504E-13
    0.50700E+07    0.00000E+00    0.00000E+00    0.00000E+00    0.00000E+00    0.00000E+00   -0.79661E-13
    0.50750E+07    0.00000E+00    0.00000E+00    0.00000E+00    0.00000E+00    0.00000E+00   -0.79818E-13
    0.50800E+07    0.00000E+00    0.00000E+00    0.00000E+00    0.00000E+00    0.00000E+00   -0.79975E-13
    0.50850E+07    0.00000E+00    0.00000E+00    0.00000E+00    0.00000E+00    0.00000E+00   -0.80133E-13
    0.50900E+07    0.00000E+00    0.00000E+00    0.00000E+00    0.00000E+00    0.00000E+00   -0.80290E-13
    0.50950E+07    0.00000E+00    0.00000E+00    0.00000E+00    0.00000E+00    0.00000E+00   -0.80448E-13
    0.51000E+07    0.00000E+00    0.00000E+00    0.00000E+00    0.00000E+00    0.00000E+00   -0.80606E-13
    0.51050E+07    0.00000E+00    0.00000E+00    0.00000E+00    0.00000E+00    0.00000E+00   -0.80764E-13
    0.51100E+07    0.00000E+00    0.00000E+00    0.00000E+00    0.00000E+00    0.00000E+00   -0.80923E-13
    0.51150E+07    0.00000E+00    0.00000E+00    0.00000E+00    0.00000E+00    0.00000E+00   -0.81081E-13
    0.51200E+07    0.00000E+00    0.00000E+00    0.00000E+00    0.00000E+00    0.00000E+00   -0.81240E-13
    0.51250E+07    0.00000E+00    0.00000E+00    0.00000E+00    0.00000E+00    0.00000E+00   -0.81398E-13
    0.51300E+07    0.00000E+00    0.00000E+00    0.00000E+00    0.00000E+00    0.00000E+00   -0.81557E-13
    0.51350E+07    0.00000E+00    0.00000E+00    0.00000E+00    0.00000E+00    0.00000E+00   -0.81716E-13
    0.51400E+07    0.00000E+00    0.00000E+00    0.00000E+00    0.00000E+00    0.00000E+00   -0.81876E-13
    0.51450E+07    0.00000E+00    0.00000E+00    0.00000E+00    0.00000E+00    0.00000E+00   -0.82035E-13
    0.51500E+07    0.00000E+00    0.00000E+00    0.00000E+00    0.00000E+00    0.00000E+00   -0.82194E-13
    0.51550E+07    0.00000E+00    0.00000E+00    0.00000E+00    0.00000E+00    0.00000E+00   -0.82354E-13
    0.51600E+07    0.00000E+00    0.00000E+00    0.00000E+00    0.00000E+00    0.00000E+00   -0.82514E-13
    0.51650E+07    0.00000E+00    0.00000E+00    0.00000E+00    0.00000E+00    0.00000E+00   -0.82674E-13
    0.51700E+07    0.00000E+00    0.00000E+00    0.00000E+00    0.00000E+00    0.00000E+00   -0.82834E-13
    0.51750E+07    0.00000E+00    0.00000E+00    0.00000E+00    0.00000E+00    0.00000E+00   -0.82994E-13
    0.51800E+07    0.00000E+00    0.00000E+00    0.00000E+00    0.00000E+00    0.00000E+00   -0.83155E-13
    0.51850E+07    0.00000E+00    0.00000E+00    0.00000E+00    0.00000E+00    0.00000E+00   -0.83315E-13
    0.51900E+07    0.00000E+00    0.00000E+00    0.00000E+00    0.00000E+00    0.00000E+00   -0.83476E-13
    0.51950E+07    0.00000E+00    0.00000E+00    0.00000E+00    0.00000E+00    0.00000E+00   -0.83637E-13
    0.52000E+07    0.00000E+00    0.00000E+00    0.00000E+00    0.00000E+00    0.00000E+00   -0.83798E-13
    0.52050E+07    0.00000E+00    0.00000E+00    0.00000E+00    0.00000E+00    0.00000E+00   -0.83959E-13
    0.52100E+07    0.00000E+00    0.00000E+00    0.00000E+00    0.00000E+00    0.00000E+00   -0.84121E-13
    0.52150E+07    0.00000E+00    0.00000E+00    0.00000E+00    0.00000E+00    0.00000E+00   -0.84282E-13
    0.52200E+07    0.00000E+00    0.00000E+00    0.00000E+00    0.00000E+00    0.00000E+00   -0.84444E-13
    0.52250E+07    0.00000E+00    0.00000E+00    0.00000E+00    0.00000E+00    0.00000E+00   -0.84606E-13
    0.52300E+07    0.00000E+00    0.00000E+00    0.00000E+00    0.00000E+00    0.00000E+00   -0.84768E-13
    0.52350E+07    0.00000E+00    0.00000E+00    0.00000E+00    0.00000E+00    0.00000E+00   -0.84930E-13
    0.52400E+07    0.00000E+00    0.00000E+00    0.00000E+00    0.00000E+00    0.00000E+00   -0.85092E-13
    0.52450E+07    0.00000E+00    0.00000E+00    0.00000E+00    0.00000E+00    0.00000E+00   -0.85255E-13
    0.52500E+07    0.00000E+00    0.00000E+00    0.00000E+00    0.00000E+00    0.00000E+00   -0.85417E-13
    0.52550E+07    0.00000E+00    0.00000E+00    0.00000E+00    0.00000E+00    0.00000E+00   -0.85580E-13
    0.52600E+07    0.00000E+00    0.00000E+00    0.00000E+00    0.00000E+00    0.00000E+00   -0.85743E-13
    0.52650E+07    0.00000E+00    0.00000E+00    0.00000E+00    0.00000E+00    0.00000E+00   -0.85906E-13
    0.52700E+07    0.00000E+00    0.00000E+00    0.00000E+00    0.00000E+00    0.00000E+00   -0.86069E-13
    0.52750E+07    0.00000E+00    0.00000E+00    0.00000E+00    0.00000E+00    0.00000E+00   -0.86233E-13
    0.52800E+07    0.00000E+00    0.00000E+00    0.00000E+00    0.00000E+00    0.00000E+00   -0.86396E-13
    0.52850E+07    0.00000E+00    0.00000E+00    0.00000E+00    0.00000E+00    0.00000E+00   -0.86560E-13
    0.52900E+07    0.00000E+00    0.00000E+00    0.00000E+00    0.00000E+00    0.00000E+00   -0.86724E-13
    0.52950E+07    0.00000E+00    0.00000E+00    0.00000E+00    0.00000E+00    0.00000E+00   -0.86888E-13
    0.53000E+07    0.00000E+00    0.00000E+00    0.00000E+00    0.00000E+00    0.00000E+00   -0.87052E-13
    0.53050E+07    0.00000E+00    0.00000E+00    0.00000E+00    0.00000E+00    0.00000E+00   -0.87217E-13
    0.53100E+07    0.00000E+00    0.00000E+00    0.00000E+00    0.00000E+00    0.00000E+00   -0.87381E-13
    0.53150E+07    0.00000E+00    0.00000E+00    0.00000E+00    0.00000E+00    0.00000E+00   -0.87546E-13
    0.53200E+07    0.00000E+00    0.00000E+00    0.00000E+00    0.00000E+00    0.00000E+00   -0.87710E-13
    0.53250E+07    0.00000E+00    0.00000E+00    0.00000E+00    0.00000E+00    0.00000E+00   -0.87875E-13
    0.53300E+07    0.00000E+00    0.00000E+00    0.00000E+00    0.00000E+00    0.00000E+00   -0.88040E-13
    0.53350E+07    0.00000E+00    0.00000E+00    0.00000E+00    0.00000E+00    0.00000E+00   -0.88206E-13
    0.53400E+07    0.00000E+00    0.00000E+00    0.00000E+00    0.00000E+00    0.00000E+00   -0.88371E-13
    0.53450E+07    0.00000E+00    0.00000E+00    0.00000E+00    0.00000E+00    0.00000E+00   -0.88537E-13
    0.53500E+07    0.00000E+00    0.00000E+00    0.00000E+00    0.00000E+00    0.00000E+00   -0.88702E-13
    0.53550E+07    0.00000E+00    0.00000E+00    0.00000E+00    0.00000E+00    0.00000E+00   -0.88868E-13
    0.53600E+07    0.00000E+00    0.00000E+00    0.00000E+00    0.00000E+00    0.00000E+00   -0.89034E-13
    0.53650E+07    0.00000E+00    0.00000E+00    0.00000E+00    0.00000E+00    0.00000E+00   -0.89201E-13
    0.53700E+07    0.00000E+00    0.00000E+00    0.00000E+00    0.00000E+00    0.00000E+00   -0.89367E-13
    0.53750E+07    0.00000E+00    0.00000E+00    0.00000E+00    0.00000E+00    0.00000E+00   -0.89533E-13
    0.53800E+07    0.00000E+00    0.00000E+00    0.00000E+00    0.00000E+00    0.00000E+00   -0.89700E-13
    0.53850E+07    0.00000E+00    0.00000E+00    0.00000E+00    0.00000E+00    0.00000E+00   -0.89867E-13
    0.53900E+07    0.00000E+00    0.00000E+00    0.00000E+00    0.00000E+00    0.00000E+00   -0.90034E-13
    0.53950E+07    0.00000E+00    0.00000E+00    0.00000E+00    0.00000E+00    0.00000E+00   -0.90201E-13
    0.54000E+07    0.00000E+00    0.00000E+00    0.00000E+00    0.00000E+00    0.00000E+00   -0.90368E-13
    0.54050E+07    0.00000E+00    0.00000E+00    0.00000E+00    0.00000E+00    0.00000E+00   -0.90536E-13
    0.54100E+07    0.00000E+00    0.00000E+00    0.00000E+00    0.00000E+00    0.00000E+00   -0.90703E-13
    0.54150E+07    0.00000E+00    0.00000E+00    0.00000E+00    0.00000E+00    0.00000E+00   -0.90871E-13
    0.54200E+07    0.00000E+00    0.00000E+00    0.00000E+00    0.00000E+00    0.00000E+00   -0.91039E-13
    0.54250E+07    0.00000E+00    0.00000E+00    0.00000E+00    0.00000E+00    0.00000E+00   -0.91207E-13
    0.54300E+07    0.00000E+00    0.00000E+00    0.00000E+00    0.00000E+00    0.00000E+00   -0.91375E-13
    0.54350E+07    0.00000E+00    0.00000E+00    0.00000E+00    0.00000E+00    0.00000E+00   -0.91543E-13
    0.54400E+07    0.00000E+00    0.00000E+00    0.00000E+00    0.00000E+00    0.00000E+00   -0.91712E-13
    0.54450E+07    0.00000E+00    0.00000E+00    0.00000E+00    0.00000E+00    0.00000E+00   -0.91881E-13
    0.54500E+07    0.00000E+00    0.00000E+00    0.00000E+00    0.00000E+00    0.00000E+00   -0.92049E-13
    0.54550E+07    0.00000E+00    0.00000E+00    0.00000E+00    0.00000E+00    0.00000E+00   -0.92218E-13
    0.54600E+07    0.00000E+00    0.00000E+00    0.00000E+00    0.00000E+00    0.00000E+00   -0.92388E-13
    0.54650E+07    0.00000E+00    0.00000E+00    0.00000E+00    0.00000E+00    0.00000E+00   -0.92557E-13
    0.54700E+07    0.00000E+00    0.00000E+00    0.00000E+00    0.00000E+00    0.00000E+00   -0.92726E-13
    0.54750E+07    0.00000E+00    0.00000E+00    0.00000E+00    0.00000E+00    0.00000E+00   -0.92896E-13
    0.54800E+07    0.00000E+00    0.00000E+00    0.00000E+00    0.00000E+00    0.00000E+00   -0.93066E-13
    0.54850E+07    0.00000E+00    0.00000E+00    0.00000E+00    0.00000E+00    0.00000E+00   -0.93235E-13
    0.54900E+07    0.00000E+00    0.00000E+00    0.00000E+00    0.00000E+00    0.00000E+00   -0.93406E-13
    0.54950E+07    0.00000E+00    0.00000E+00    0.00000E+00    0.00000E+00    0.00000E+00   -0.93576E-13
    0.55000E+07    0.00000E+00    0.00000E+00    0.00000E+00    0.00000E+00    0.00000E+00   -0.93746E-13
    0.55050E+07    0.00000E+00    0.00000E+00    0.00000E+00    0.00000E+00    0.00000E+00   -0.93917E-13
    0.55100E+07    0.25397E-30    0.56127E-31    0.49904E-33   -0.56119E-31   -0.23115E-27   -0.94087E-13
    0.55150E+07    0.73412E-30    0.16224E-30    0.14399E-32   -0.16221E-30   -0.66657E-27   -0.94258E-13
    0.55200E+07    0.11533E-29    0.25495E-30    0.22605E-32   -0.25490E-30   -0.10447E-26   -0.94429E-13
    0.55250E+07    0.18101E-29    0.40036E-30    0.35476E-32   -0.40027E-30   -0.16366E-26   -0.94600E-13
    0.55300E+07    0.28387E-29    0.62813E-30    0.55649E-32   -0.62798E-30   -0.25619E-26   -0.94772E-13
    0.55350E+07    0.44477E-29    0.98453E-30    0.87235E-32   -0.98427E-30   -0.40070E-26   -0.94943E-13
    0.55400E+07    0.69623E-29    0.15416E-29    0.13664E-31   -0.15412E-29   -0.62612E-26   -0.95115E-13
    0.55450E+07    0.10889E-28    0.24115E-29    0.21386E-31   -0.24107E-29   -0.97738E-26   -0.95286E-13
    0.55500E+07    0.17013E-28    0.37684E-29    0.33442E-31   -0.37672E-29   -0.15242E-25   -0.95458E-13
    0.55550E+07    0.26557E-28    0.58829E-29    0.52247E-31   -0.58810E-29   -0.23745E-25   -0.95630E-13
    0.55600E+07    0.41415E-28    0.91749E-29    0.81550E-31   -0.91718E-29   -0.36955E-25   -0.95803E-13
    0.55650E+07    0.64523E-28    0.14295E-28    0.12717E-30   -0.14290E-28   -0.57455E-25   -0.95975E-13
    0.55700E+07    0.10043E-27    0.22250E-28    0.19811E-30   -0.22242E-28   -0.89237E-25   -0.96148E-13
    0.55750E+07    0.15620E-27    0.34603E-28    0.30834E-30   -0.34589E-28   -0.13833E-24   -0.96320E-13
    0.55800E+07    0.24269E-27    0.53762E-28    0.47949E-30   -0.53739E-28   -0.21422E-24   -0.96493E-13
    0.55800E+07    0.24269E-27    0.53762E-28    0.47949E-30   -0.53739E-28   -0.21422E-24   -0.96493E-13
    0.55850E+07    0.37723E-27    0.83649E-28    0.74431E-30   -0.83608E-28   -0.33295E-24   -0.96666E-13
    0.55900E+07    0.58575E-27    0.13006E-27    0.11553E-29   -0.12999E-27   -0.51735E-24   -0.96839E-13
    0.55950E+07    0.90857E-27    0.20200E-27    0.17925E-29   -0.20188E-27   -0.80327E-24   -0.97013E-13
    0.56000E+07    0.14077E-26    0.31336E-27    0.27792E-29   -0.31317E-27   -0.12459E-23   -0.97186E-13
    0.56050E+07    0.21786E-26    0.48550E-27    0.43051E-29   -0.48519E-27   -0.19303E-23   -0.97360E-13
    0.56100E+07    0.33679E-26    0.75125E-27    0.66622E-29   -0.75075E-27   -0.29868E-23   -0.97533E-13
    0.56150E+07    0.52002E-26    0.11610E-26    0.10299E-28   -0.11602E-26   -0.46160E-23   -0.97707E-13
    0.56200E+07    0.80198E-26    0.17919E-26    0.15903E-28   -0.17906E-26   -0.71247E-23   -0.97882E-13
    0.56250E+07    0.12353E-25    0.27623E-26    0.24528E-28   -0.27602E-26   -0.10983E-22   -0.98056E-13
    0.56300E+07    0.19005E-25    0.42527E-26    0.37787E-28   -0.42495E-26   -0.16909E-22   -0.98230E-13
    0.56350E+07    0.29203E-25    0.65391E-26    0.58142E-28   -0.65339E-26   -0.26000E-22   -0.98405E-13
    0.56400E+07    0.44815E-25    0.10042E-25    0.89355E-28   -0.10034E-25   -0.39926E-22   -0.98579E-13
    0.56450E+07    0.68686E-25    0.15401E-25    0.13715E-27   -0.15388E-25   -0.61230E-22   -0.98754E-13
    0.56500E+07    0.10514E-24    0.23591E-25    0.21025E-27   -0.23570E-25   -0.93779E-22   -0.98929E-13
    0.56550E+07    0.16071E-24    0.36087E-25    0.32189E-27   -0.36054E-25   -0.14344E-21   -0.99104E-13
    0.56600E+07    0.24535E-24    0.55131E-25    0.49216E-27   -0.55077E-25   -0.21910E-21   -0.99280E-13
    0.56650E+07    0.37403E-24    0.84109E-25    0.75151E-27   -0.84023E-25   -0.33419E-21   -0.99455E-13
    0.56700E+07    0.56941E-24    0.12814E-24    0.11460E-26   -0.12801E-24   -0.50904E-21   -0.99631E-13
    0.56750E+07    0.86563E-24    0.19496E-24    0.17450E-26   -0.19474E-24   -0.77424E-21   -0.99807E-13
    0.56800E+07    0.13140E-23    0.29618E-24    0.26536E-26   -0.29584E-24   -0.11759E-20   -0.99983E-13
    0.56850E+07    0.19917E-23    0.44932E-24    0.40293E-26   -0.44877E-24   -0.17832E-20   -0.10016E-12
    0.56900E+07    0.30144E-23    0.68062E-24    0.61094E-26   -0.67974E-24   -0.27000E-20   -0.10034E-12
    0.56950E+07    0.45551E-23    0.10294E-23    0.92494E-26   -0.10280E-23   -0.40818E-20   -0.10051E-12
    0.57000E+07    0.68724E-23    0.15546E-23    0.13982E-25   -0.15524E-23   -0.61608E-20   -0.10069E-12
    0.57050E+07    0.10352E-22    0.23439E-23    0.21102E-25   -0.23404E-23   -0.92834E-20   -0.10086E-12
    0.57100E+07    0.15566E-22    0.35283E-23    0.31797E-25   -0.35226E-23   -0.13965E-19   -0.10104E-12
    0.57149E+07    0.23238E-22    0.52729E-23    0.47570E-25   -0.52640E-23   -0.20855E-19   -0.10122E-12
    0.57199E+07    0.34630E-22    0.78664E-23    0.71043E-25   -0.78523E-23   -0.31088E-19   -0.10139E-12
    0.57199E+07    0.42058E-22    0.94696E-23    0.60575E-25   -0.91602E-23   -0.33143E-19   -0.10139E-12
    0.57200E+07    0.42517E-22    0.96058E-23    0.61584E-25   -0.92999E-23   -0.33712E-19   -0.10140E-12
    0.57250E+07    0.63437E-22    0.15453E-22    0.10697E-24   -0.15247E-22   -0.58244E-19   -0.10157E-12
    0.57300E+07    0.94600E-22    0.23505E-22    0.17407E-24   -0.23359E-22   -0.92022E-19   -0.10175E-12
    0.57350E+07    0.14048E-21    0.34785E-22    0.27280E-24   -0.34674E-22   -0.13912E-18   -0.10193E-12
    0.57400E+07    0.20783E-21    0.50815E-22    0.41766E-24   -0.50723E-22   -0.20569E-18   -0.10211E-12
    0.57450E+07    0.30657E-21    0.73822E-22    0.62989E-24   -0.73737E-22   -0.30076E-18   -0.10228E-12
    0.57500E+07    0.45120E-21    0.10705E-21    0.94055E-24   -0.10697E-21   -0.43747E-18   -0.10246E-12
    0.57550E+07    0.66281E-21    0.15522E-21    0.13950E-23   -0.15512E-21   -0.63486E-18   -0.10264E-12
    0.57600E+07    0.97208E-21    0.22518E-21    0.20592E-23   -0.22506E-21   -0.92051E-18   -0.10282E-12
    0.57650E+07    0.14235E-20    0.32687E-21    0.30292E-23   -0.32671E-21   -0.13343E-17   -0.10300E-12
    0.57700E+07    0.20817E-20    0.47468E-21    0.44447E-23   -0.47446E-21   -0.19337E-17   -0.10318E-12
    0.57750E+07    0.30400E-20    0.68944E-21    0.65079E-23   -0.68913E-21   -0.28018E-17   -0.10336E-12
    0.57800E+07    0.44336E-20    0.10012E-20    0.95119E-23   -0.10008E-20   -0.40581E-17   -0.10353E-12
    0.57850E+07    0.64578E-20    0.14536E-20    0.13881E-22   -0.14529E-20   -0.58746E-17   -0.10371E-12
    0.57900E+07    0.93938E-20    0.21090E-20    0.20227E-22   -0.21080E-20   -0.84981E-17   -0.10389E-12
    0.57950E+07    0.13647E-19    0.30576E-20    0.29434E-22   -0.30561E-20   -0.12283E-16   -0.10407E-12
    0.58000E+07    0.19800E-19    0.44288E-20    0.42774E-22   -0.44266E-20   -0.17736E-16   -0.10425E-12
    0.58050E+07    0.28690E-19    0.64086E-20    0.62078E-22   -0.64051E-20   -0.25581E-16   -0.10443E-12
    0.58100E+07    0.41515E-19    0.92629E-20    0.89973E-22   -0.92577E-20   -0.36854E-16   -0.10461E-12
    0.58150E+07    0.59991E-19    0.13373E-19    0.13023E-21   -0.13365E-19   -0.53029E-16   -0.10479E-12
    0.58200E+07    0.86572E-19    0.19281E-19    0.18825E-21   -0.19269E-19   -0.76201E-16   -0.10497E-12
    0.58250E+07    0.12475E-18    0.27764E-19    0.27173E-21   -0.27746E-19   -0.10935E-15   -0.10515E-12
    0.58300E+07    0.17952E-18    0.39925E-19    0.39170E-21   -0.39897E-19   -0.15670E-15   -0.10533E-12
    0.58350E+07    0.25794E-18    0.57332E-19    0.56382E-21   -0.57289E-19   -0.22421E-15   -0.10551E-12
    0.58400E+07    0.37006E-18    0.82207E-19    0.81038E-21   -0.82142E-19   -0.32033E-15   -0.10569E-12
    0.58450E+07    0.53010E-18    0.11770E-18    0.11630E-20   -0.11760E-18   -0.45693E-15   -0.10588E-12
    0.58500E+07    0.75814E-18    0.16825E-18    0.16666E-20   -0.16810E-18   -0.65073E-15   -0.10606E-12
    0.58550E+07    0.10825E-17    0.24014E-18    0.23844E-20   -0.23991E-18   -0.92518E-15   -0.10624E-12
    0.58600E+07    0.15430E-17    0.34217E-18    0.34059E-20   -0.34182E-18   -0.13131E-14   -0.10642E-12
    0.58636E+07    0.19828E-17    0.43959E-18    0.43832E-20   -0.43911E-18   -0.16821E-14   -0.10655E-12
    0.58636E+07    0.20458E-17    0.45456E-18    0.42762E-20   -0.45312E-18   -0.17330E-14   -0.10655E-12
    0.58668E+07    0.25698E-17    0.57638E-18    0.54548E-20   -0.57493E-18   -0.22073E-14   -0.10666E-12
    0.58700E+07    0.32252E-17    0.72708E-18    0.69272E-20   -0.72555E-18   -0.27920E-14   -0.10678E-12
    0.58750E+07    0.45790E-17    0.10351E-17    0.99674E-20   -0.10333E-17   -0.39818E-14   -0.10696E-12
    0.58800E+07    0.64871E-17    0.14652E-17    0.14254E-19   -0.14630E-17   -0.56353E-14   -0.10714E-12
    0.58850E+07    0.91710E-17    0.20665E-17    0.20290E-19   -0.20636E-17   -0.79356E-14   -0.10732E-12
    0.58900E+07    0.12939E-16    0.29068E-17    0.28777E-19   -0.29029E-17   -0.11136E-13   -0.10751E-12
    0.58950E+07    0.18218E-16    0.40803E-17    0.40690E-19   -0.40748E-17   -0.15585E-13   -0.10769E-12
    0.59000E+07    0.25598E-16    0.57171E-17    0.57381E-19   -0.57092E-17   -0.21762E-13   -0.10786E-12
    0.59050E+07    0.35895E-16    0.79965E-17    0.80724E-19   -0.79852E-17   -0.30326E-13   -0.10804E-12
    0.59100E+07    0.50231E-16    0.11165E-16    0.11330E-18   -0.11149E-16   -0.42177E-13   -0.10822E-12
    0.59150E+07    0.70143E-16    0.15561E-16    0.15868E-18   -0.15537E-16   -0.58540E-13   -0.10839E-12
    0.59200E+07    0.97735E-16    0.21647E-16    0.22173E-18   -0.21611E-16   -0.81083E-13   -0.10856E-12
    0.59250E+07    0.13588E-15    0.30053E-16    0.30916E-18   -0.29999E-16   -0.11207E-12   -0.10872E-12
    0.59300E+07    0.18848E-15    0.41634E-16    0.43009E-18   -0.41555E-16   -0.15453E-12   -0.10888E-12
    0.59350E+07    0.26081E-15    0.57550E-16    0.59694E-18   -0.57432E-16   -0.21259E-12   -0.10902E-12
    0.59400E+07    0.36000E-15    0.79366E-16    0.82653E-18   -0.79190E-16   -0.29172E-12   -0.10915E-12
    0.59450E+07    0.49565E-15    0.10918E-15    0.11416E-17   -0.10892E-15   -0.39925E-12   -0.10927E-12
    0.59500E+07    0.68056E-15    0.14981E-15    0.15727E-17   -0.14942E-15   -0.54488E-12   -0.10935E-12
    0.59529E+07    0.81607E-15    0.17958E-15    0.18896E-17   -0.17908E-15   -0.65107E-12   -0.10939E-12
    0.59558E+07    0.97768E-15    0.21507E-15    0.22683E-17   -0.21445E-15   -0.77721E-12   -0.10941E-12
    0.59558E+07    0.10629E-14    0.22955E-15    0.21008E-17   -0.22238E-15   -0.74566E-12   -0.10935E-12
    0.59600E+07    0.13902E-14    0.30997E-15    0.29119E-17   -0.30180E-15   -0.10352E-11   -0.10934E-12
    0.59650E+07    0.19057E-14    0.43082E-15    0.41750E-17   -0.42073E-15   -0.14693E-11   -0.10927E-12
    0.59700E+07    0.26047E-14    0.58890E-15    0.58769E-17   -0.57598E-15   -0.20351E-11   -0.10910E-12
    0.59750E+07    0.35497E-14    0.79722E-15    0.81694E-17   -0.78038E-15   -0.27785E-11   -0.10882E-12
    0.59800E+07    0.48252E-14    0.10732E-14    0.11256E-16   -0.10510E-14   -0.37608E-11   -0.10837E-12
    0.59850E+07    0.65439E-14    0.14400E-14    0.15410E-16   -0.14107E-14   -0.50642E-11   -0.10771E-12
    0.59900E+07    0.88571E-14    0.19285E-14    0.20995E-16   -0.18895E-14   -0.67980E-11   -0.10676E-12
    0.59950E+07    0.11995E-13    0.25897E-14    0.28503E-16   -0.25624E-14   -0.91241E-11   -0.10545E-12
    0.60000E+07    0.16187E-13    0.34715E-14    0.38565E-16   -0.34681E-14   -0.12216E-10   -0.10366E-12
    0.60050E+07    0.21708E-13    0.46243E-14    0.51992E-16   -0.46201E-14   -0.16274E-10   -0.10122E-12
    0.60100E+07    0.29044E-13    0.61471E-14    0.69861E-16   -0.61418E-14   -0.21625E-10   -0.97955E-13
    0.60150E+07    0.38768E-13    0.81558E-14    0.93595E-16   -0.81490E-14   -0.28673E-10   -0.93593E-13
    0.60200E+07    0.51627E-13    0.10801E-13    0.12505E-15   -0.10792E-13   -0.37938E-10   -0.87807E-13
    0.60250E+07    0.68593E-13    0.14276E-13    0.16666E-15   -0.14264E-13   -0.50094E-10   -0.80170E-13
    0.60300E+07    0.90925E-13    0.18833E-13    0.22156E-15   -0.18817E-13   -0.66010E-10   -0.70133E-13
    0.60350E+07    0.12025E-12    0.24795E-13    0.29384E-15   -0.24772E-13   -0.86801E-10   -0.56995E-13
    0.60400E+07    0.15867E-12    0.32575E-13    0.38880E-15   -0.32545E-13   -0.11390E-09   -0.39858E-13
    0.60450E+07    0.20888E-12    0.42704E-13    0.51324E-15   -0.42663E-13   -0.14912E-09   -0.17582E-13
    0.60500E+07    0.27434E-12    0.55857E-13    0.67591E-15   -0.55802E-13   -0.19480E-09    0.11283E-13
    0.60550E+07    0.35947E-12    0.72895E-13    0.88806E-15   -0.72821E-13   -0.25389E-09    0.48568E-13
    0.60600E+07    0.46990E-12    0.94907E-13    0.11641E-14   -0.94807E-13   -0.33011E-09    0.96584E-13
    0.60650E+07    0.61281E-12    0.12327E-12    0.15222E-14   -0.12313E-12   -0.42819E-09    0.15823E-12
    0.60700E+07    0.79726E-12    0.15971E-12    0.19857E-14   -0.15953E-12   -0.55403E-09    0.23715E-12
    0.60750E+07    0.10347E-11    0.20641E-12    0.25842E-14   -0.20617E-12   -0.71505E-09    0.33786E-12
    0.60800E+07    0.13396E-11    0.26608E-12    0.33548E-14   -0.26577E-12   -0.92052E-09    0.46602E-12
    0.60850E+07    0.17301E-11    0.34212E-12    0.43445E-14   -0.34170E-12   -0.11820E-08    0.62860E-12
    0.60900E+07    0.22289E-11    0.43872E-12    0.56120E-14   -0.43817E-12   -0.15136E-08    0.83423E-12
    0.60950E+07    0.28642E-11    0.56110E-12    0.72310E-14   -0.56037E-12   -0.19332E-08    0.10935E-11
    0.61000E+07    0.36712E-11    0.71568E-12    0.92933E-14   -0.71472E-12   -0.24623E-08    0.14194E-11
    0.61050E+07    0.46935E-11    0.91031E-12    0.11913E-13   -0.90906E-12   -0.31277E-08    0.18278E-11
    0.61100E+07    0.59849E-11    0.11547E-11    0.15231E-13   -0.11530E-11   -0.39617E-08    0.23378E-11
    0.61150E+07    0.76117E-11    0.14604E-11    0.19421E-13   -0.14583E-11   -0.50038E-08    0.29728E-11
    0.61200E+07    0.96549E-11    0.18418E-11    0.24698E-13   -0.18391E-11   -0.63020E-08    0.37607E-11
    0.61250E+07    0.12214E-10    0.23161E-11    0.31324E-13   -0.23126E-11   -0.79137E-08    0.47351E-11
    0.61300E+07    0.15409E-10    0.29039E-11    0.39618E-13   -0.28993E-11   -0.99084E-08    0.59361E-11
    0.61350E+07    0.19388E-10    0.36299E-11    0.49971E-13   -0.36241E-11   -0.12369E-07    0.74113E-11
    0.61400E+07    0.24326E-10    0.45237E-11    0.62850E-13   -0.45162E-11   -0.15393E-07    0.92169E-11
    0.61450E+07    0.30438E-10    0.56201E-11    0.78826E-13   -0.56106E-11   -0.19098E-07    0.11419E-10
    0.61500E+07    0.37979E-10    0.69606E-11    0.98579E-13   -0.69487E-11   -0.23622E-07    0.14095E-10
    0.61550E+07    0.47254E-10    0.85937E-11    0.12293E-12   -0.85786E-11   -0.29125E-07    0.17336E-10
    0.61600E+07    0.58628E-10    0.10576E-10    0.15284E-12   -0.10557E-10   -0.35797E-07    0.21245E-10
    0.61650E+07    0.72532E-10    0.12974E-10    0.18947E-12   -0.12950E-10   -0.43858E-07    0.25944E-10
    0.61700E+07    0.89477E-10    0.15863E-10    0.23419E-12   -0.15834E-10   -0.53560E-07    0.31570E-10
    0.61750E+07    0.11006E-09    0.19332E-10    0.28860E-12   -0.19296E-10   -0.65197E-07    0.38281E-10
    0.61800E+07    0.13500E-09    0.23482E-10    0.35458E-12   -0.23437E-10   -0.79103E-07    0.46257E-10
    0.61850E+07    0.16511E-09    0.28427E-10    0.43435E-12   -0.28373E-10   -0.95664E-07    0.55700E-10
    0.61900E+07    0.20135E-09    0.34299E-10    0.53046E-12   -0.34234E-10   -0.11531E-06    0.66839E-10
    0.61950E+07    0.24486E-09    0.41246E-10    0.64590E-12   -0.41168E-10   -0.13855E-06    0.79930E-10
    0.62000E+07    0.29692E-09    0.49434E-10    0.78412E-12   -0.49341E-10   -0.16594E-06    0.95263E-10
    0.62049E+07    0.35825E-09    0.58926E-10    0.94695E-12   -0.58817E-10   -0.19768E-06    0.11293E-09
    0.62049E+07    0.36498E-09    0.60922E-10    0.95557E-12   -0.61018E-10   -0.20721E-06    0.11546E-09
    0.62075E+07    0.39871E-09    0.66400E-10    0.10598E-11   -0.65948E-10   -0.22688E-06    0.12493E-09
    0.62100E+07    0.43549E-09    0.72136E-10    0.11716E-11   -0.71020E-10   -0.24734E-06    0.13535E-09
    0.62150E+07    0.51923E-09    0.84753E-10    0.14178E-11   -0.82731E-10   -0.29126E-06    0.15868E-09
    0.62200E+07    0.61793E-09    0.98971E-10    0.17025E-11   -0.95753E-10   -0.34002E-06    0.18617E-09
    0.62250E+07    0.73421E-09    0.11515E-09    0.20325E-11   -0.11039E-09   -0.39471E-06    0.21860E-09
    0.62300E+07    0.87096E-09    0.13369E-09    0.24155E-11   -0.12698E-09   -0.45659E-06    0.25678E-09
    0.62350E+07    0.10316E-08    0.15505E-09    0.28606E-11   -0.14589E-09   -0.52700E-06    0.30169E-09
    0.62400E+07    0.12199E-08    0.17976E-09    0.33782E-11   -0.16753E-09   -0.60748E-06    0.35442E-09
    0.62450E+07    0.14404E-08    0.20839E-09    0.39803E-11   -0.19236E-09   -0.69966E-06    0.41619E-09
    0.62500E+07    0.16981E-08    0.24159E-09    0.46804E-11   -0.22087E-09   -0.80535E-06    0.48839E-09
    0.62550E+07    0.19988E-08    0.28011E-09    0.54937E-11   -0.25361E-09   -0.92653E-06    0.57255E-09
    0.62600E+07    0.23489E-08    0.32475E-09    0.64374E-11   -0.29118E-09   -0.10653E-05    0.67031E-09
    0.62650E+07    0.27556E-08    0.37640E-09    0.75302E-11   -0.33420E-09   -0.12237E-05    0.78342E-09
    0.62700E+07    0.32266E-08    0.43604E-09    0.87926E-11   -0.38334E-09   -0.14042E-05    0.91369E-09
    0.62750E+07    0.37706E-08    0.50467E-09    0.10246E-10   -0.43930E-09   -0.16087E-05    0.10629E-08
    0.62800E+07    0.43964E-08    0.58335E-09    0.11913E-10   -0.50274E-09   -0.18391E-05    0.12325E-08
    0.62850E+07    0.51132E-08    0.67310E-09    0.13816E-10   -0.57428E-09   -0.20969E-05    0.14238E-08
    0.62900E+07    0.59300E-08    0.77486E-09    0.15973E-10   -0.65443E-09   -0.23827E-05    0.16372E-08
    0.62950E+07    0.68543E-08    0.88936E-09    0.18401E-10   -0.74345E-09   -0.26959E-05    0.18719E-08
    0.63000E+07    0.78931E-08    0.10170E-08    0.21104E-10   -0.84130E-09   -0.30338E-05    0.21261E-08
    0.63025E+07    0.84527E-08    0.10865E-08    0.22535E-10   -0.89892E-09   -0.32108E-05    0.22550E-08
    0.63025E+07    0.72580E-08    0.97884E-09    0.24083E-10   -0.81494E-09   -0.28787E-05    0.17216E-08
    0.63062E+07    0.79911E-08    0.10254E-08    0.24252E-10   -0.85432E-09   -0.28067E-05    0.18870E-08
    0.63100E+07    0.86950E-08    0.10833E-08    0.24424E-10   -0.89428E-09   -0.27520E-05    0.20115E-08
    0.63150E+07    0.95233E-08    0.11658E-08    0.24408E-10   -0.93637E-09   -0.26596E-05    0.20716E-08
    0.63200E+07    0.10140E-07    0.12374E-08    0.23687E-10   -0.94557E-09   -0.24824E-05    0.19542E-08
    0.63250E+07    0.10423E-07    0.12748E-08    0.21636E-10   -0.89114E-09   -0.21505E-05    0.15891E-08
    0.63300E+07    0.10230E-07    0.12507E-08    0.17414E-10   -0.73140E-09   -0.15997E-05    0.90517E-09
    0.63350E+07    0.94174E-08    0.11374E-08    0.99236E-11   -0.41254E-09   -0.79644E-06   -0.15072E-09
    0.63400E+07    0.78953E-08    0.91482E-09   -0.22038E-11    0.13081E-09    0.21236E-06   -0.15736E-08
    0.63450E+07    0.57282E-08    0.58844E-09   -0.20573E-10    0.97119E-09    0.12040E-05   -0.32221E-08
    0.63500E+07    0.33347E-08    0.22257E-09   -0.46875E-10    0.21763E-08    0.16099E-05   -0.46772E-08
    0.63545E+07    0.18973E-08    0.77192E-11   -0.78515E-10    0.36048E-08    0.49312E-06   -0.50565E-08
    0.63590E+07    0.28946E-08    0.19304E-09   -0.11810E-09    0.53338E-08   -0.37195E-05   -0.31963E-08
    0.63590E+07   -0.93624E-09    0.11455E-09   -0.81582E-10    0.63958E-08    0.10124E-05   -0.62125E-08
    0.63600E+07   -0.58044E-09    0.47024E-10   -0.88030E-10    0.66963E-08    0.69803E-06   -0.61887E-08
    0.63629E+07    0.13898E-08    0.27256E-10   -0.10789E-09    0.75118E-08   -0.65120E-06   -0.55568E-08
    0.63658E+07    0.51614E-08    0.34981E-09   -0.12887E-09    0.81880E-08   -0.28211E-05   -0.38847E-08
    0.63658E+07   -0.18144E-08    0.48272E-09   -0.15947E-10    0.40728E-08    0.11680E-05   -0.12823E-07
    0.63660E+07   -0.16265E-08    0.37097E-09   -0.16214E-10    0.39043E-08    0.10375E-05   -0.13171E-07
    0.63660E+07    0.00000E+00    0.55881E-08   -0.00000E+00    0.18455E-08    0.12855E-05   -0.49226E-08
    0.63710E+07    0.00000E+00    0.89125E-13    0.00000E+00   -0.89125E-13   -0.13369E-09   -0.14326E-07
