    0.10000E+01    0.00000E+00    0.00000E+00    0.00000E+00    0.00000E+00    0.00000E+00    0.45220E-26
    0.20000E+05    0.00000E+00    0.00000E+00    0.00000E+00    0.00000E+00    0.00000E+00    0.18088E-17
    0.40000E+05    0.00000E+00    0.00000E+00    0.00000E+00    0.00000E+00    0.00000E+00    0.72351E-17
    0.60000E+05    0.00000E+00    0.00000E+00    0.00000E+00    0.00000E+00    0.00000E+00    0.16279E-16
    0.80000E+05    0.00000E+00    0.00000E+00    0.00000E+00    0.00000E+00    0.00000E+00    0.28941E-16
    0.10000E+06    0.00000E+00    0.00000E+00    0.00000E+00    0.00000E+00    0.00000E+00    0.45220E-16
    0.12000E+06    0.00000E+00    0.00000E+00    0.00000E+00    0.00000E+00    0.00000E+00    0.65116E-16
    0.14000E+06    0.00000E+00    0.00000E+00    0.00000E+00    0.00000E+00    0.00000E+00    0.88630E-16
    0.16000E+06    0.00000E+00    0.00000E+00    0.00000E+00    0.00000E+00    0.00000E+00    0.11576E-15
    0.18000E+06    0.00000E+00    0.00000E+00    0.00000E+00    0.00000E+00    0.00000E+00    0.14651E-15
    0.20000E+06    0.00000E+00    0.00000E+00    0.00000E+00    0.00000E+00    0.00000E+00    0.18088E-15
    0.22000E+06    0.00000E+00    0.00000E+00    0.00000E+00    0.00000E+00    0.00000E+00    0.21886E-15
    0.24000E+06    0.00000E+00    0.00000E+00    0.00000E+00    0.00000E+00    0.00000E+00    0.26046E-15
    0.26000E+06    0.00000E+00    0.00000E+00    0.00000E+00    0.00000E+00    0.00000E+00    0.30568E-15
    0.28000E+06    0.00000E+00    0.00000E+00    0.00000E+00    0.00000E+00    0.00000E+00    0.35452E-15
    0.30000E+06    0.00000E+00    0.00000E+00    0.00000E+00    0.00000E+00    0.00000E+00    0.40698E-15
    0.32000E+06    0.00000E+00    0.00000E+00    0.00000E+00    0.00000E+00    0.00000E+00    0.46305E-15
    0.34000E+06    0.00000E+00    0.00000E+00    0.00000E+00    0.00000E+00    0.00000E+00    0.52274E-15
    0.36000E+06    0.00000E+00    0.00000E+00    0.00000E+00    0.00000E+00    0.00000E+00    0.58605E-15
    0.38000E+06    0.00000E+00    0.00000E+00    0.00000E+00    0.00000E+00    0.00000E+00    0.65297E-15
    0.40000E+06    0.00000E+00    0.00000E+00    0.00000E+00    0.00000E+00    0.00000E+00    0.72351E-15
    0.42000E+06    0.00000E+00    0.00000E+00    0.00000E+00    0.00000E+00    0.00000E+00    0.79767E-15
    0.44000E+06    0.00000E+00    0.00000E+00    0.00000E+00    0.00000E+00    0.00000E+00    0.87545E-15
    0.46000E+06    0.00000E+00    0.00000E+00    0.00000E+00    0.00000E+00    0.00000E+00    0.95685E-15
    0.48000E+06    0.00000E+00    0.00000E+00    0.00000E+00    0.00000E+00    0.00000E+00    0.10419E-14
    0.50000E+06    0.00000E+00    0.00000E+00    0.00000E+00    0.00000E+00    0.00000E+00    0.11305E-14
    0.52000E+06    0.00000E+00    0.00000E+00    0.00000E+00    0.00000E+00    0.00000E+00    0.12227E-14
    0.54000E+06    0.00000E+00    0.00000E+00    0.00000E+00    0.00000E+00    0.00000E+00    0.13186E-14
    0.56000E+06    0.00000E+00    0.00000E+00    0.00000E+00    0.00000E+00    0.00000E+00    0.14181E-14
    0.58000E+06    0.00000E+00    0.00000E+00    0.00000E+00    0.00000E+00    0.00000E+00    0.15212E-14
    0.60000E+06    0.00000E+00    0.00000E+00    0.00000E+00    0.00000E+00    0.00000E+00    0.16279E-14
    0.62000E+06    0.00000E+00    0.00000E+00    0.00000E+00    0.00000E+00    0.00000E+00    0.17382E-14
    0.64000E+06    0.00000E+00    0.00000E+00    0.00000E+00    0.00000E+00    0.00000E+00    0.18522E-14
    0.66000E+06    0.00000E+00    0.00000E+00    0.00000E+00    0.00000E+00    0.00000E+00    0.19698E-14
    0.68000E+06    0.00000E+00    0.00000E+00    0.00000E+00    0.00000E+00    0.00000E+00    0.20910E-14
    0.70000E+06    0.00000E+00    0.00000E+00    0.00000E+00    0.00000E+00    0.00000E+00    0.22158E-14
    0.72000E+06    0.00000E+00    0.00000E+00    0.00000E+00    0.00000E+00    0.00000E+00    0.23442E-14
    0.74000E+06    0.00000E+00    0.00000E+00    0.00000E+00    0.00000E+00    0.00000E+00    0.24762E-14
    0.76000E+06    0.00000E+00    0.00000E+00    0.00000E+00    0.00000E+00    0.00000E+00    0.26119E-14
    0.78000E+06    0.00000E+00    0.00000E+00    0.00000E+00    0.00000E+00    0.00000E+00    0.27512E-14
    0.80000E+06    0.00000E+00    0.00000E+00    0.00000E+00    0.00000E+00    0.00000E+00    0.28941E-14
    0.82000E+06    0.00000E+00    0.00000E+00    0.00000E+00    0.00000E+00    0.00000E+00    0.30406E-14
    0.84000E+06    0.00000E+00    0.00000E+00    0.00000E+00    0.00000E+00    0.00000E+00    0.31907E-14
    0.86000E+06    0.00000E+00    0.00000E+00    0.00000E+00    0.00000E+00    0.00000E+00    0.33444E-14
    0.88000E+06    0.00000E+00    0.00000E+00    0.00000E+00    0.00000E+00    0.00000E+00    0.35018E-14
    0.90000E+06    0.00000E+00    0.00000E+00    0.00000E+00    0.00000E+00    0.00000E+00    0.36628E-14
    0.92000E+06    0.00000E+00    0.00000E+00    0.00000E+00    0.00000E+00    0.00000E+00    0.38274E-14
    0.94000E+06    0.00000E+00    0.00000E+00    0.00000E+00    0.00000E+00    0.00000E+00    0.39956E-14
    0.96000E+06    0.00000E+00    0.00000E+00    0.00000E+00    0.00000E+00    0.00000E+00    0.41674E-14
    0.98000E+06    0.00000E+00    0.00000E+00    0.00000E+00    0.00000E+00    0.00000E+00    0.43429E-14
    0.10000E+07    0.00000E+00    0.00000E+00    0.00000E+00    0.00000E+00    0.00000E+00    0.45220E-14
    0.10200E+07    0.00000E+00    0.00000E+00    0.00000E+00    0.00000E+00    0.00000E+00    0.47046E-14
    0.10400E+07    0.00000E+00    0.00000E+00    0.00000E+00    0.00000E+00    0.00000E+00    0.48909E-14
    0.10600E+07    0.00000E+00    0.00000E+00    0.00000E+00    0.00000E+00    0.00000E+00    0.50809E-14
    0.10800E+07    0.00000E+00    0.00000E+00    0.00000E+00    0.00000E+00    0.00000E+00    0.52744E-14
    0.11000E+07    0.00000E+00    0.00000E+00    0.00000E+00    0.00000E+00    0.00000E+00    0.54716E-14
    0.11200E+07    0.00000E+00    0.00000E+00    0.00000E+00    0.00000E+00    0.00000E+00    0.56723E-14
    0.11400E+07    0.00000E+00    0.00000E+00    0.00000E+00    0.00000E+00    0.00000E+00    0.58767E-14
    0.11600E+07    0.00000E+00    0.00000E+00    0.00000E+00    0.00000E+00    0.00000E+00    0.60847E-14
    0.11800E+07    0.00000E+00    0.00000E+00    0.00000E+00    0.00000E+00    0.00000E+00    0.62964E-14
    0.12000E+07    0.00000E+00    0.00000E+00    0.00000E+00    0.00000E+00    0.00000E+00    0.65116E-14
    0.12200E+07    0.00000E+00    0.00000E+00    0.00000E+00    0.00000E+00    0.00000E+00    0.67305E-14
    0.12215E+07    0.00000E+00    0.00000E+00    0.00000E+00    0.00000E+00    0.00000E+00    0.67470E-14
    0.12215E+07    0.00000E+00    0.00000E+00    0.00000E+00    0.00000E+00    0.00000E+00    0.67470E-14
    0.12400E+07    0.00000E+00    0.00000E+00    0.00000E+00    0.00000E+00    0.00000E+00    0.69530E-14
    0.12600E+07    0.00000E+00    0.00000E+00    0.00000E+00    0.00000E+00    0.00000E+00    0.71791E-14
    0.12800E+07    0.00000E+00    0.00000E+00    0.00000E+00    0.00000E+00    0.00000E+00    0.74088E-14
    0.13000E+07    0.00000E+00    0.00000E+00    0.00000E+00    0.00000E+00    0.00000E+00    0.76421E-14
    0.13200E+07    0.00000E+00    0.00000E+00    0.00000E+00    0.00000E+00    0.00000E+00    0.78791E-14
    0.13400E+07    0.00000E+00    0.00000E+00    0.00000E+00    0.00000E+00    0.00000E+00    0.81196E-14
    0.13600E+07    0.00000E+00    0.00000E+00    0.00000E+00    0.00000E+00    0.00000E+00    0.83638E-14
    0.13800E+07    0.00000E+00    0.00000E+00    0.00000E+00    0.00000E+00    0.00000E+00    0.86116E-14
    0.14000E+07    0.00000E+00    0.00000E+00    0.00000E+00    0.00000E+00    0.00000E+00    0.88630E-14
    0.14200E+07    0.00000E+00    0.00000E+00    0.00000E+00    0.00000E+00    0.00000E+00    0.91181E-14
    0.14400E+07    0.00000E+00    0.00000E+00    0.00000E+00    0.00000E+00    0.00000E+00    0.93767E-14
    0.14600E+07    0.00000E+00    0.00000E+00    0.00000E+00    0.00000E+00    0.00000E+00    0.96390E-14
    0.14800E+07    0.00000E+00    0.00000E+00    0.00000E+00    0.00000E+00    0.00000E+00    0.99049E-14
    0.15000E+07    0.00000E+00    0.00000E+00    0.00000E+00    0.00000E+00    0.00000E+00    0.10174E-13
    0.15200E+07    0.00000E+00    0.00000E+00    0.00000E+00    0.00000E+00    0.00000E+00    0.10448E-13
    0.15400E+07    0.00000E+00    0.00000E+00    0.00000E+00    0.00000E+00    0.00000E+00    0.10724E-13
    0.15600E+07    0.00000E+00    0.00000E+00    0.00000E+00    0.00000E+00    0.00000E+00    0.11005E-13
    0.15800E+07    0.00000E+00    0.00000E+00    0.00000E+00    0.00000E+00    0.00000E+00    0.11289E-13
    0.16000E+07    0.00000E+00    0.00000E+00    0.00000E+00    0.00000E+00    0.00000E+00    0.11576E-13
    0.16200E+07    0.00000E+00    0.00000E+00    0.00000E+00    0.00000E+00    0.00000E+00    0.11867E-13
    0.16400E+07    0.00000E+00    0.00000E+00    0.00000E+00    0.00000E+00    0.00000E+00    0.12162E-13
    0.16600E+07    0.00000E+00    0.00000E+00    0.00000E+00    0.00000E+00    0.00000E+00    0.12461E-13
    0.16800E+07    0.00000E+00    0.00000E+00    0.00000E+00    0.00000E+00    0.00000E+00    0.12763E-13
    0.17000E+07    0.00000E+00    0.00000E+00    0.00000E+00    0.00000E+00    0.00000E+00    0.13068E-13
    0.17200E+07    0.00000E+00    0.00000E+00    0.00000E+00    0.00000E+00    0.00000E+00    0.13378E-13
    0.17400E+07    0.00000E+00    0.00000E+00    0.00000E+00    0.00000E+00    0.00000E+00    0.13691E-13
    0.17600E+07    0.00000E+00    0.00000E+00    0.00000E+00    0.00000E+00    0.00000E+00    0.14007E-13
    0.17800E+07    0.00000E+00    0.00000E+00    0.00000E+00    0.00000E+00    0.00000E+00    0.14327E-13
    0.18000E+07    0.00000E+00    0.00000E+00    0.00000E+00    0.00000E+00    0.00000E+00    0.14651E-13
    0.18200E+07    0.00000E+00    0.00000E+00    0.00000E+00    0.00000E+00    0.00000E+00    0.14979E-13
    0.18400E+07    0.00000E+00    0.00000E+00    0.00000E+00    0.00000E+00    0.00000E+00    0.15310E-13
    0.18600E+07    0.00000E+00    0.00000E+00    0.00000E+00    0.00000E+00    0.00000E+00    0.15644E-13
    0.18800E+07    0.00000E+00    0.00000E+00    0.00000E+00    0.00000E+00    0.00000E+00    0.15982E-13
    0.19000E+07    0.00000E+00    0.00000E+00    0.00000E+00    0.00000E+00    0.00000E+00    0.16324E-13
    0.19200E+07    0.00000E+00    0.00000E+00    0.00000E+00    0.00000E+00    0.00000E+00    0.16670E-13
    0.19400E+07    0.00000E+00    0.00000E+00    0.00000E+00    0.00000E+00    0.00000E+00    0.17019E-13
    0.19600E+07    0.00000E+00    0.00000E+00    0.00000E+00    0.00000E+00    0.00000E+00    0.17372E-13
    0.19800E+07    0.00000E+00    0.00000E+00    0.00000E+00    0.00000E+00    0.00000E+00    0.17728E-13
    0.20000E+07    0.00000E+00    0.00000E+00    0.00000E+00    0.00000E+00    0.00000E+00    0.18088E-13
    0.20200E+07    0.00000E+00    0.00000E+00    0.00000E+00    0.00000E+00    0.00000E+00    0.18451E-13
    0.20400E+07    0.00000E+00    0.00000E+00    0.00000E+00    0.00000E+00    0.00000E+00    0.18819E-13
    0.20600E+07    0.00000E+00    0.00000E+00    0.00000E+00    0.00000E+00    0.00000E+00    0.19189E-13
    0.20800E+07    0.00000E+00    0.00000E+00    0.00000E+00    0.00000E+00    0.00000E+00    0.19564E-13
    0.21000E+07    0.00000E+00    0.00000E+00    0.00000E+00    0.00000E+00    0.00000E+00    0.19942E-13
    0.21200E+07    0.00000E+00    0.00000E+00    0.00000E+00    0.00000E+00    0.00000E+00    0.20323E-13
    0.21400E+07    0.00000E+00    0.00000E+00    0.00000E+00    0.00000E+00    0.00000E+00    0.20709E-13
    0.21600E+07    0.00000E+00    0.00000E+00    0.00000E+00    0.00000E+00    0.00000E+00    0.21098E-13
    0.21800E+07    0.00000E+00    0.00000E+00    0.00000E+00    0.00000E+00    0.00000E+00    0.21490E-13
    0.22000E+07    0.00000E+00    0.00000E+00    0.00000E+00    0.00000E+00    0.00000E+00    0.21886E-13
    0.22200E+07    0.00000E+00    0.00000E+00    0.00000E+00    0.00000E+00    0.00000E+00    0.22286E-13
    0.22400E+07    0.00000E+00    0.00000E+00    0.00000E+00    0.00000E+00    0.00000E+00    0.22689E-13
    0.22600E+07    0.00000E+00    0.00000E+00    0.00000E+00    0.00000E+00    0.00000E+00    0.23096E-13
    0.22800E+07    0.00000E+00    0.00000E+00    0.00000E+00    0.00000E+00    0.00000E+00    0.23507E-13
    0.23000E+07    0.00000E+00    0.00000E+00    0.00000E+00    0.00000E+00    0.00000E+00    0.23921E-13
    0.23200E+07    0.00000E+00    0.00000E+00    0.00000E+00    0.00000E+00    0.00000E+00    0.24339E-13
    0.23400E+07    0.00000E+00    0.00000E+00    0.00000E+00    0.00000E+00    0.00000E+00    0.24760E-13
    0.23600E+07    0.00000E+00    0.00000E+00    0.00000E+00    0.00000E+00    0.00000E+00    0.25185E-13
    0.23800E+07    0.00000E+00    0.00000E+00    0.00000E+00    0.00000E+00    0.00000E+00    0.25614E-13
    0.24000E+07    0.00000E+00    0.00000E+00    0.00000E+00    0.00000E+00    0.00000E+00    0.26046E-13
    0.24200E+07    0.00000E+00    0.00000E+00    0.00000E+00    0.00000E+00    0.00000E+00    0.26482E-13
    0.24400E+07    0.00000E+00    0.00000E+00    0.00000E+00    0.00000E+00    0.00000E+00    0.26922E-13
    0.24600E+07    0.00000E+00    0.00000E+00    0.00000E+00    0.00000E+00    0.00000E+00    0.27365E-13
    0.24800E+07    0.00000E+00    0.00000E+00    0.00000E+00    0.00000E+00    0.00000E+00    0.27812E-13
    0.25000E+07    0.00000E+00    0.00000E+00    0.00000E+00    0.00000E+00    0.00000E+00    0.28262E-13
    0.25200E+07    0.00000E+00    0.00000E+00    0.00000E+00    0.00000E+00    0.00000E+00    0.28716E-13
    0.25400E+07    0.00000E+00    0.00000E+00    0.00000E+00    0.00000E+00    0.00000E+00    0.29174E-13
    0.25600E+07    0.00000E+00    0.00000E+00    0.00000E+00    0.00000E+00    0.00000E+00    0.29635E-13
    0.25800E+07    0.00000E+00    0.00000E+00    0.00000E+00    0.00000E+00    0.00000E+00    0.30100E-13
    0.26000E+07    0.00000E+00    0.00000E+00    0.00000E+00    0.00000E+00    0.00000E+00    0.30568E-13
    0.26200E+07    0.00000E+00    0.00000E+00    0.00000E+00    0.00000E+00    0.00000E+00    0.31041E-13
    0.26400E+07    0.00000E+00    0.00000E+00    0.00000E+00    0.00000E+00    0.00000E+00    0.31516E-13
    0.26600E+07    0.00000E+00    0.00000E+00    0.00000E+00    0.00000E+00    0.00000E+00    0.31996E-13
    0.26800E+07    0.00000E+00    0.00000E+00    0.00000E+00    0.00000E+00    0.00000E+00    0.32479E-13
    0.27000E+07    0.00000E+00    0.00000E+00    0.00000E+00    0.00000E+00    0.00000E+00    0.32965E-13
    0.27200E+07    0.00000E+00    0.00000E+00    0.00000E+00    0.00000E+00    0.00000E+00    0.33455E-13
    0.27400E+07    0.00000E+00    0.00000E+00    0.00000E+00    0.00000E+00    0.00000E+00    0.33949E-13
    0.27600E+07    0.00000E+00    0.00000E+00    0.00000E+00    0.00000E+00    0.00000E+00    0.34446E-13
    0.27800E+07    0.00000E+00    0.00000E+00    0.00000E+00    0.00000E+00    0.00000E+00    0.34948E-13
    0.28000E+07    0.00000E+00    0.00000E+00    0.00000E+00    0.00000E+00    0.00000E+00    0.35452E-13
    0.28200E+07    0.00000E+00    0.00000E+00    0.00000E+00    0.00000E+00    0.00000E+00    0.35960E-13
    0.28400E+07    0.00000E+00    0.00000E+00    0.00000E+00    0.00000E+00    0.00000E+00    0.36472E-13
    0.28600E+07    0.00000E+00    0.00000E+00    0.00000E+00    0.00000E+00    0.00000E+00    0.36988E-13
    0.28800E+07    0.00000E+00    0.00000E+00    0.00000E+00    0.00000E+00    0.00000E+00    0.37507E-13
    0.29000E+07    0.00000E+00    0.00000E+00    0.00000E+00    0.00000E+00    0.00000E+00    0.38030E-13
    0.29200E+07    0.00000E+00    0.00000E+00    0.00000E+00    0.00000E+00    0.00000E+00    0.38556E-13
    0.29400E+07    0.00000E+00    0.00000E+00    0.00000E+00    0.00000E+00    0.00000E+00    0.39086E-13
    0.29600E+07    0.00000E+00    0.00000E+00    0.00000E+00    0.00000E+00    0.00000E+00    0.39620E-13
    0.29800E+07    0.00000E+00    0.00000E+00    0.00000E+00    0.00000E+00    0.00000E+00    0.40157E-13
    0.30000E+07    0.00000E+00    0.00000E+00    0.00000E+00    0.00000E+00    0.00000E+00    0.40698E-13
    0.30200E+07    0.00000E+00    0.00000E+00    0.00000E+00    0.00000E+00    0.00000E+00    0.41242E-13
    0.30400E+07    0.00000E+00    0.00000E+00    0.00000E+00    0.00000E+00    0.00000E+00    0.41790E-13
    0.30600E+07    0.00000E+00    0.00000E+00    0.00000E+00    0.00000E+00    0.00000E+00    0.42342E-13
    0.30800E+07    0.00000E+00    0.00000E+00    0.00000E+00    0.00000E+00    0.00000E+00    0.42897E-13
    0.31000E+07    0.00000E+00    0.00000E+00    0.00000E+00    0.00000E+00    0.00000E+00    0.43456E-13
    0.31200E+07    0.00000E+00    0.00000E+00    0.00000E+00    0.00000E+00    0.00000E+00    0.44019E-13
    0.31400E+07    0.00000E+00    0.00000E+00    0.00000E+00    0.00000E+00    0.00000E+00    0.44585E-13
    0.31600E+07    0.00000E+00    0.00000E+00    0.00000E+00    0.00000E+00    0.00000E+00    0.45154E-13
    0.31800E+07    0.00000E+00    0.00000E+00    0.00000E+00    0.00000E+00    0.00000E+00    0.45728E-13
    0.32000E+07    0.00000E+00    0.00000E+00    0.00000E+00    0.00000E+00    0.00000E+00    0.46305E-13
    0.32200E+07    0.00000E+00    0.00000E+00    0.00000E+00    0.00000E+00    0.00000E+00    0.46885E-13
    0.32400E+07    0.00000E+00    0.00000E+00    0.00000E+00    0.00000E+00    0.00000E+00    0.47470E-13
    0.32600E+07    0.00000E+00    0.00000E+00    0.00000E+00    0.00000E+00    0.00000E+00    0.48058E-13
    0.32800E+07    0.00000E+00    0.00000E+00    0.00000E+00    0.00000E+00    0.00000E+00    0.48649E-13
    0.33000E+07    0.00000E+00    0.00000E+00    0.00000E+00    0.00000E+00    0.00000E+00    0.49244E-13
    0.33200E+07    0.00000E+00    0.00000E+00    0.00000E+00    0.00000E+00    0.00000E+00    0.49843E-13
    0.33400E+07    0.00000E+00    0.00000E+00    0.00000E+00    0.00000E+00    0.00000E+00    0.50445E-13
    0.33600E+07    0.00000E+00    0.00000E+00    0.00000E+00    0.00000E+00    0.00000E+00    0.51051E-13
    0.33800E+07    0.00000E+00    0.00000E+00    0.00000E+00    0.00000E+00    0.00000E+00    0.51661E-13
    0.34000E+07    0.00000E+00    0.00000E+00    0.00000E+00    0.00000E+00    0.00000E+00    0.52274E-13
    0.34200E+07    0.00000E+00    0.00000E+00    0.00000E+00    0.00000E+00    0.00000E+00    0.52891E-13
    0.34400E+07    0.00000E+00    0.00000E+00    0.00000E+00    0.00000E+00    0.00000E+00    0.53511E-13
    0.34600E+07    0.00000E+00    0.00000E+00    0.00000E+00    0.00000E+00    0.00000E+00    0.54135E-13
    0.34800E+07    0.00000E+00    0.00000E+00    0.00000E+00    0.00000E+00    0.00000E+00    0.54763E-13
    0.34800E+07    0.00000E+00    0.00000E+00    0.00000E+00    0.00000E+00    0.00000E+00    0.54763E-13
    0.34850E+07    0.00000E+00    0.00000E+00    0.00000E+00    0.00000E+00    0.00000E+00    0.54920E-13
    0.34900E+07    0.00000E+00    0.00000E+00    0.00000E+00    0.00000E+00    0.00000E+00    0.55078E-13
    0.34950E+07    0.00000E+00    0.00000E+00    0.00000E+00    0.00000E+00    0.00000E+00    0.55236E-13
    0.35000E+07    0.00000E+00    0.00000E+00    0.00000E+00    0.00000E+00    0.00000E+00    0.55394E-13
    0.35050E+07    0.00000E+00    0.00000E+00    0.00000E+00    0.00000E+00    0.00000E+00    0.55552E-13
    0.35100E+07    0.00000E+00    0.00000E+00    0.00000E+00    0.00000E+00    0.00000E+00    0.55711E-13
    0.35150E+07    0.00000E+00    0.00000E+00    0.00000E+00    0.00000E+00    0.00000E+00    0.55870E-13
    0.35200E+07    0.00000E+00    0.00000E+00    0.00000E+00    0.00000E+00    0.00000E+00    0.56029E-13
    0.35250E+07    0.00000E+00    0.00000E+00    0.00000E+00    0.00000E+00    0.00000E+00    0.56188E-13
    0.35300E+07    0.00000E+00    0.00000E+00    0.00000E+00    0.00000E+00    0.00000E+00    0.56348E-13
    0.35350E+07    0.00000E+00    0.00000E+00    0.00000E+00    0.00000E+00    0.00000E+00    0.56507E-13
    0.35400E+07    0.00000E+00    0.00000E+00    0.00000E+00    0.00000E+00    0.00000E+00    0.56667E-13
    0.35450E+07    0.00000E+00    0.00000E+00    0.00000E+00    0.00000E+00    0.00000E+00    0.56828E-13
    0.35500E+07    0.00000E+00    0.00000E+00    0.00000E+00    0.00000E+00    0.00000E+00    0.56988E-13
    0.35550E+07    0.00000E+00    0.00000E+00    0.00000E+00    0.00000E+00    0.00000E+00    0.57149E-13
    0.35600E+07    0.00000E+00    0.00000E+00    0.00000E+00    0.00000E+00    0.00000E+00    0.57309E-13
    0.35650E+07    0.00000E+00    0.00000E+00    0.00000E+00    0.00000E+00    0.00000E+00    0.57471E-13
    0.35700E+07    0.00000E+00    0.00000E+00    0.00000E+00    0.00000E+00    0.00000E+00    0.57632E-13
    0.35750E+07    0.00000E+00    0.00000E+00    0.00000E+00    0.00000E+00    0.00000E+00    0.57793E-13
    0.35800E+07    0.00000E+00    0.00000E+00    0.00000E+00    0.00000E+00    0.00000E+00    0.57955E-13
    0.35850E+07    0.00000E+00    0.00000E+00    0.00000E+00    0.00000E+00    0.00000E+00    0.58117E-13
    0.35900E+07    0.00000E+00    0.00000E+00    0.00000E+00    0.00000E+00    0.00000E+00    0.58279E-13
    0.35950E+07    0.00000E+00    0.00000E+00    0.00000E+00    0.00000E+00    0.00000E+00    0.58442E-13
    0.36000E+07    0.00000E+00    0.00000E+00    0.00000E+00    0.00000E+00    0.00000E+00    0.58605E-13
    0.36050E+07    0.00000E+00    0.00000E+00    0.00000E+00    0.00000E+00    0.00000E+00    0.58767E-13
    0.36100E+07    0.00000E+00    0.00000E+00    0.00000E+00    0.00000E+00    0.00000E+00    0.58931E-13
    0.36150E+07    0.00000E+00    0.00000E+00    0.00000E+00    0.00000E+00    0.00000E+00    0.59094E-13
    0.36200E+07    0.00000E+00    0.00000E+00    0.00000E+00    0.00000E+00    0.00000E+00    0.59258E-13
    0.36250E+07    0.00000E+00    0.00000E+00    0.00000E+00    0.00000E+00    0.00000E+00    0.59421E-13
    0.36300E+07    0.00000E+00    0.00000E+00    0.00000E+00    0.00000E+00    0.00000E+00    0.59585E-13
    0.36300E+07    0.00000E+00    0.00000E+00    0.00000E+00    0.00000E+00    0.00000E+00    0.59585E-13
    0.36350E+07    0.00000E+00    0.00000E+00    0.00000E+00    0.00000E+00    0.00000E+00    0.59750E-13
    0.36400E+07    0.00000E+00    0.00000E+00    0.00000E+00    0.00000E+00    0.00000E+00    0.59914E-13
    0.36450E+07    0.00000E+00    0.00000E+00    0.00000E+00    0.00000E+00    0.00000E+00    0.60079E-13
    0.36500E+07    0.00000E+00    0.00000E+00    0.00000E+00    0.00000E+00    0.00000E+00    0.60244E-13
    0.36550E+07    0.00000E+00    0.00000E+00    0.00000E+00    0.00000E+00    0.00000E+00    0.60409E-13
    0.36600E+07    0.00000E+00    0.00000E+00    0.00000E+00    0.00000E+00    0.00000E+00    0.60574E-13
    0.36650E+07    0.00000E+00    0.00000E+00    0.00000E+00    0.00000E+00    0.00000E+00    0.60740E-13
    0.36700E+07    0.00000E+00    0.00000E+00    0.00000E+00    0.00000E+00    0.00000E+00    0.60906E-13
    0.36750E+07    0.00000E+00    0.00000E+00    0.00000E+00    0.00000E+00    0.00000E+00    0.61072E-13
    0.36800E+07    0.00000E+00    0.00000E+00    0.00000E+00    0.00000E+00    0.00000E+00    0.61238E-13
    0.36850E+07    0.00000E+00    0.00000E+00    0.00000E+00    0.00000E+00    0.00000E+00    0.61405E-13
    0.36900E+07    0.00000E+00    0.00000E+00    0.00000E+00    0.00000E+00    0.00000E+00    0.61571E-13
    0.36950E+07    0.00000E+00    0.00000E+00    0.00000E+00    0.00000E+00    0.00000E+00    0.61738E-13
    0.37000E+07    0.00000E+00    0.00000E+00    0.00000E+00    0.00000E+00    0.00000E+00    0.61906E-13
    0.37050E+07    0.00000E+00    0.00000E+00    0.00000E+00    0.00000E+00    0.00000E+00    0.62073E-13
    0.37100E+07    0.00000E+00    0.00000E+00    0.00000E+00    0.00000E+00    0.00000E+00    0.62241E-13
    0.37150E+07    0.00000E+00    0.00000E+00    0.00000E+00    0.00000E+00    0.00000E+00    0.62409E-13
    0.37200E+07    0.00000E+00    0.00000E+00    0.00000E+00    0.00000E+00    0.00000E+00    0.62577E-13
    0.37250E+07    0.00000E+00    0.00000E+00    0.00000E+00    0.00000E+00    0.00000E+00    0.62745E-13
    0.37300E+07    0.00000E+00    0.00000E+00    0.00000E+00    0.00000E+00    0.00000E+00    0.62914E-13
    0.37350E+07    0.00000E+00    0.00000E+00    0.00000E+00    0.00000E+00    0.00000E+00    0.63082E-13
    0.37400E+07    0.00000E+00    0.00000E+00    0.00000E+00    0.00000E+00    0.00000E+00    0.63251E-13
    0.37450E+07    0.00000E+00    0.00000E+00    0.00000E+00    0.00000E+00    0.00000E+00    0.63421E-13
    0.37500E+07    0.00000E+00    0.00000E+00    0.00000E+00    0.00000E+00    0.00000E+00    0.63590E-13
    0.37550E+07    0.00000E+00    0.00000E+00    0.00000E+00    0.00000E+00    0.00000E+00    0.63760E-13
    0.37600E+07    0.00000E+00    0.00000E+00    0.00000E+00    0.00000E+00    0.00000E+00    0.63930E-13
    0.37650E+07    0.00000E+00    0.00000E+00    0.00000E+00    0.00000E+00    0.00000E+00    0.64100E-13
    0.37700E+07    0.00000E+00    0.00000E+00    0.00000E+00    0.00000E+00    0.00000E+00    0.64270E-13
    0.37750E+07    0.00000E+00    0.00000E+00    0.00000E+00    0.00000E+00    0.00000E+00    0.64441E-13
    0.37800E+07    0.00000E+00    0.00000E+00    0.00000E+00    0.00000E+00    0.00000E+00    0.64612E-13
    0.37850E+07    0.00000E+00    0.00000E+00    0.00000E+00    0.00000E+00    0.00000E+00    0.64783E-13
    0.37900E+07    0.00000E+00    0.00000E+00    0.00000E+00    0.00000E+00    0.00000E+00    0.64954E-13
    0.37950E+07    0.00000E+00    0.00000E+00    0.00000E+00    0.00000E+00    0.00000E+00    0.65125E-13
    0.38000E+07    0.00000E+00    0.00000E+00    0.00000E+00    0.00000E+00    0.00000E+00    0.65297E-13
    0.38050E+07    0.00000E+00    0.00000E+00    0.00000E+00    0.00000E+00    0.00000E+00    0.65469E-13
    0.38100E+07    0.00000E+00    0.00000E+00    0.00000E+00    0.00000E+00    0.00000E+00    0.65641E-13
    0.38150E+07    0.00000E+00    0.00000E+00    0.00000E+00    0.00000E+00    0.00000E+00    0.65814E-13
    0.38200E+07    0.00000E+00    0.00000E+00    0.00000E+00    0.00000E+00    0.00000E+00    0.65986E-13
    0.38250E+07    0.00000E+00    0.00000E+00    0.00000E+00    0.00000E+00    0.00000E+00    0.66159E-13
    0.38300E+07    0.00000E+00    0.00000E+00    0.00000E+00    0.00000E+00    0.00000E+00    0.66332E-13
    0.38350E+07    0.00000E+00    0.00000E+00    0.00000E+00    0.00000E+00    0.00000E+00    0.66505E-13
    0.38400E+07    0.00000E+00    0.00000E+00    0.00000E+00    0.00000E+00    0.00000E+00    0.66679E-13
    0.38450E+07    0.00000E+00    0.00000E+00    0.00000E+00    0.00000E+00    0.00000E+00    0.66853E-13
    0.38500E+07    0.00000E+00    0.00000E+00    0.00000E+00    0.00000E+00    0.00000E+00    0.67027E-13
    0.38550E+07    0.00000E+00    0.00000E+00    0.00000E+00    0.00000E+00    0.00000E+00    0.67201E-13
    0.38600E+07    0.00000E+00    0.00000E+00    0.00000E+00    0.00000E+00    0.00000E+00    0.67375E-13
    0.38650E+07    0.00000E+00    0.00000E+00    0.00000E+00    0.00000E+00    0.00000E+00    0.67550E-13
    0.38700E+07    0.00000E+00    0.00000E+00    0.00000E+00    0.00000E+00    0.00000E+00    0.67725E-13
    0.38750E+07    0.00000E+00    0.00000E+00    0.00000E+00    0.00000E+00    0.00000E+00    0.67900E-13
    0.38800E+07    0.00000E+00    0.00000E+00    0.00000E+00    0.00000E+00    0.00000E+00    0.68075E-13
    0.38850E+07    0.00000E+00    0.00000E+00    0.00000E+00    0.00000E+00    0.00000E+00    0.68251E-13
    0.38900E+07    0.00000E+00    0.00000E+00    0.00000E+00    0.00000E+00    0.00000E+00    0.68427E-13
    0.38950E+07    0.00000E+00    0.00000E+00    0.00000E+00    0.00000E+00    0.00000E+00    0.68603E-13
    0.39000E+07    0.00000E+00    0.00000E+00    0.00000E+00    0.00000E+00    0.00000E+00    0.68779E-13
    0.39050E+07    0.00000E+00    0.00000E+00    0.00000E+00    0.00000E+00    0.00000E+00    0.68955E-13
    0.39100E+07    0.00000E+00    0.00000E+00    0.00000E+00    0.00000E+00    0.00000E+00    0.69132E-13
    0.39150E+07    0.00000E+00    0.00000E+00    0.00000E+00    0.00000E+00    0.00000E+00    0.69309E-13
    0.39200E+07    0.00000E+00    0.00000E+00    0.00000E+00    0.00000E+00    0.00000E+00    0.69486E-13
    0.39250E+07    0.00000E+00    0.00000E+00    0.00000E+00    0.00000E+00    0.00000E+00    0.69664E-13
    0.39300E+07    0.00000E+00    0.00000E+00    0.00000E+00    0.00000E+00    0.00000E+00    0.69841E-13
    0.39350E+07    0.00000E+00    0.00000E+00    0.00000E+00    0.00000E+00    0.00000E+00    0.70019E-13
    0.39400E+07    0.00000E+00    0.00000E+00    0.00000E+00    0.00000E+00    0.00000E+00    0.70197E-13
    0.39450E+07    0.00000E+00    0.00000E+00    0.00000E+00    0.00000E+00    0.00000E+00    0.70375E-13
    0.39500E+07    0.00000E+00    0.00000E+00    0.00000E+00    0.00000E+00    0.00000E+00    0.70554E-13
    0.39550E+07    0.00000E+00    0.00000E+00    0.00000E+00    0.00000E+00    0.00000E+00    0.70733E-13
    0.39600E+07    0.00000E+00    0.00000E+00    0.00000E+00    0.00000E+00    0.00000E+00    0.70912E-13
    0.39650E+07    0.00000E+00    0.00000E+00    0.00000E+00    0.00000E+00    0.00000E+00    0.71091E-13
    0.39700E+07    0.00000E+00    0.00000E+00    0.00000E+00    0.00000E+00    0.00000E+00    0.71270E-13
    0.39750E+07    0.00000E+00    0.00000E+00    0.00000E+00    0.00000E+00    0.00000E+00    0.71450E-13
    0.39800E+07    0.00000E+00    0.00000E+00    0.00000E+00    0.00000E+00    0.00000E+00    0.71630E-13
    0.39850E+07    0.00000E+00    0.00000E+00    0.00000E+00    0.00000E+00    0.00000E+00    0.71810E-13
    0.39900E+07    0.00000E+00    0.00000E+00    0.00000E+00    0.00000E+00    0.00000E+00    0.71990E-13
    0.39950E+07    0.00000E+00    0.00000E+00    0.00000E+00    0.00000E+00    0.00000E+00    0.72171E-13
    0.40000E+07    0.00000E+00    0.00000E+00    0.00000E+00    0.00000E+00    0.00000E+00    0.72351E-13
    0.40050E+07    0.00000E+00    0.00000E+00    0.00000E+00    0.00000E+00    0.00000E+00    0.72532E-13
    0.40100E+07    0.00000E+00    0.00000E+00    0.00000E+00    0.00000E+00    0.00000E+00    0.72714E-13
    0.40150E+07    0.00000E+00    0.00000E+00    0.00000E+00    0.00000E+00    0.00000E+00    0.72895E-13
    0.40200E+07    0.00000E+00    0.00000E+00    0.00000E+00    0.00000E+00    0.00000E+00    0.73077E-13
    0.40250E+07    0.00000E+00    0.00000E+00    0.00000E+00    0.00000E+00    0.00000E+00    0.73259E-13
    0.40300E+07    0.00000E+00    0.00000E+00    0.00000E+00    0.00000E+00    0.00000E+00    0.73441E-13
    0.40350E+07    0.00000E+00    0.00000E+00    0.00000E+00    0.00000E+00    0.00000E+00    0.73623E-13
    0.40400E+07    0.00000E+00    0.00000E+00    0.00000E+00    0.00000E+00    0.00000E+00    0.73806E-13
    0.40450E+07    0.00000E+00    0.00000E+00    0.00000E+00    0.00000E+00    0.00000E+00    0.73988E-13
    0.40500E+07    0.00000E+00    0.00000E+00    0.00000E+00    0.00000E+00    0.00000E+00    0.74171E-13
    0.40550E+07    0.00000E+00    0.00000E+00    0.00000E+00    0.00000E+00    0.00000E+00    0.74355E-13
    0.40600E+07    0.00000E+00    0.00000E+00    0.00000E+00    0.00000E+00    0.00000E+00    0.74538E-13
    0.40650E+07    0.00000E+00    0.00000E+00    0.00000E+00    0.00000E+00    0.00000E+00    0.74722E-13
    0.40700E+07    0.00000E+00    0.00000E+00    0.00000E+00    0.00000E+00    0.00000E+00    0.74906E-13
    0.40750E+07    0.00000E+00    0.00000E+00    0.00000E+00    0.00000E+00    0.00000E+00    0.75090E-13
    0.40800E+07    0.00000E+00    0.00000E+00    0.00000E+00    0.00000E+00    0.00000E+00    0.75274E-13
    0.40850E+07    0.00000E+00    0.00000E+00    0.00000E+00    0.00000E+00    0.00000E+00    0.75459E-13
    0.40900E+07    0.00000E+00    0.00000E+00    0.00000E+00    0.00000E+00    0.00000E+00    0.75644E-13
    0.40950E+07    0.00000E+00    0.00000E+00    0.00000E+00    0.00000E+00    0.00000E+00    0.75829E-13
    0.41000E+07    0.00000E+00    0.00000E+00    0.00000E+00    0.00000E+00    0.00000E+00    0.76014E-13
    0.41050E+07    0.00000E+00    0.00000E+00    0.00000E+00    0.00000E+00    0.00000E+00    0.76200E-13
    0.41100E+07    0.17289E-30    0.40297E-31    0.11923E-32   -0.40292E-31   -0.22184E-27    0.76385E-13
    0.41150E+07    0.20614E-30    0.48037E-31    0.14200E-32   -0.48031E-31   -0.26408E-27    0.76571E-13
    0.41200E+07    0.24571E-30    0.57258E-31    0.16912E-32   -0.57250E-31   -0.31436E-27    0.76758E-13
    0.41250E+07    0.29280E-30    0.68237E-31    0.20141E-32   -0.68226E-31   -0.37418E-27    0.76944E-13
    0.41300E+07    0.52168E-30    0.12157E-30    0.35763E-32   -0.12155E-30   -0.66632E-27    0.77131E-13
    0.41350E+07    0.62180E-30    0.14491E-30    0.42602E-32   -0.14489E-30   -0.79329E-27    0.77317E-13
    0.41400E+07    0.74095E-30    0.17270E-30    0.50742E-32   -0.17267E-30   -0.94432E-27    0.77505E-13
    0.41450E+07    0.88269E-30    0.20577E-30    0.60429E-32   -0.20573E-30   -0.11239E-26    0.77692E-13
    0.41500E+07    0.10513E-29    0.24510E-30    0.71954E-32   -0.24506E-30   -0.13374E-26    0.77879E-13
    0.41550E+07    0.12517E-29    0.29189E-30    0.85661E-32   -0.29183E-30   -0.15910E-26    0.78067E-13
    0.41600E+07    0.14900E-29    0.34751E-30    0.10196E-31   -0.34744E-30   -0.18924E-26    0.78255E-13
    0.41650E+07    0.17732E-29    0.41361E-30    0.12134E-31   -0.41353E-30   -0.22502E-26    0.78443E-13
    0.41700E+07    0.21096E-29    0.49216E-30    0.14436E-31   -0.49206E-30   -0.26751E-26    0.78632E-13
    0.41750E+07    0.25093E-29    0.58546E-30    0.17172E-31   -0.58534E-30   -0.31793E-26    0.78821E-13
    0.41800E+07    0.29838E-29    0.69626E-30    0.20422E-31   -0.69611E-30   -0.37776E-26    0.79009E-13
    0.41850E+07    0.35472E-29    0.82779E-30    0.24281E-31   -0.82761E-30   -0.44872E-26    0.79199E-13
    0.41900E+07    0.42158E-29    0.98389E-30    0.28863E-31   -0.98368E-30   -0.53288E-26    0.79388E-13
    0.41950E+07    0.50092E-29    0.11691E-29    0.34300E-31   -0.11689E-29   -0.63264E-26    0.79578E-13
    0.42000E+07    0.59503E-29    0.13888E-29    0.40752E-31   -0.13885E-29   -0.75088E-26    0.79767E-13
    0.42050E+07    0.70664E-29    0.16494E-29    0.48406E-31   -0.16490E-29   -0.89099E-26    0.79957E-13
    0.42100E+07    0.83897E-29    0.19582E-29    0.57484E-31   -0.19578E-29   -0.10569E-25    0.80148E-13
    0.42150E+07    0.99583E-29    0.23244E-29    0.68246E-31   -0.23238E-29   -0.12535E-25    0.80338E-13
    0.42200E+07    0.11817E-28    0.27582E-29    0.81004E-31   -0.27575E-29   -0.14862E-25    0.80529E-13
    0.42250E+07    0.14019E-28    0.32721E-29    0.96122E-31   -0.32713E-29   -0.17616E-25    0.80720E-13
    0.42300E+07    0.16627E-28    0.38807E-29    0.11403E-30   -0.38798E-29   -0.20875E-25    0.80911E-13
    0.42350E+07    0.19715E-28    0.46013E-29    0.13525E-30   -0.46002E-29   -0.24730E-25    0.81102E-13
    0.42400E+07    0.23371E-28    0.54542E-29    0.16037E-30   -0.54529E-29   -0.29290E-25    0.81294E-13
    0.42450E+07    0.27698E-28    0.64636E-29    0.19011E-30   -0.64621E-29   -0.34681E-25    0.81486E-13
    0.42500E+07    0.32817E-28    0.76578E-29    0.22530E-30   -0.76560E-29   -0.41054E-25    0.81678E-13
    0.42550E+07    0.38873E-28    0.90703E-29    0.26695E-30   -0.90681E-29   -0.48585E-25    0.81870E-13
    0.42600E+07    0.46034E-28    0.10740E-28    0.31621E-30   -0.10738E-28   -0.57483E-25    0.82063E-13
    0.42650E+07    0.54500E-28    0.12715E-28    0.37447E-30   -0.12712E-28   -0.67992E-25    0.82255E-13
    0.42700E+07    0.64507E-28    0.15049E-28    0.44335E-30   -0.15045E-28   -0.80403E-25    0.82448E-13
    0.42750E+07    0.76332E-28    0.17806E-28    0.52477E-30   -0.17801E-28   -0.95054E-25    0.82642E-13
    0.42800E+07    0.90302E-28    0.21063E-28    0.62099E-30   -0.21058E-28   -0.11235E-24    0.82835E-13
    0.42850E+07    0.10680E-27    0.24909E-28    0.73466E-30   -0.24903E-28   -0.13275E-24    0.83029E-13
    0.42900E+07    0.12628E-27    0.29451E-28    0.86892E-30   -0.29443E-28   -0.15682E-24    0.83223E-13
    0.42950E+07    0.14928E-27    0.34811E-28    0.10275E-29   -0.34803E-28   -0.18521E-24    0.83417E-13
    0.43000E+07    0.17643E-27    0.41137E-28    0.12146E-29   -0.41127E-28   -0.21868E-24    0.83611E-13
    0.43050E+07    0.20845E-27    0.48601E-28    0.14355E-29   -0.48588E-28   -0.25813E-24    0.83806E-13
    0.43100E+07    0.24623E-27    0.57403E-28    0.16962E-29   -0.57388E-28   -0.30462E-24    0.84000E-13
    0.43150E+07    0.29078E-27    0.67783E-28    0.20036E-29   -0.67765E-28   -0.35940E-24    0.84195E-13
    0.43200E+07    0.34330E-27    0.80020E-28    0.23662E-29   -0.79999E-28   -0.42392E-24    0.84391E-13
    0.43250E+07    0.40521E-27    0.94443E-28    0.27938E-29   -0.94417E-28   -0.49990E-24    0.84586E-13
    0.43300E+07    0.47817E-27    0.11144E-27    0.32977E-29   -0.11141E-27   -0.58934E-24    0.84782E-13
    0.43350E+07    0.56413E-27    0.13146E-27    0.38917E-29   -0.13142E-27   -0.69462E-24    0.84978E-13
    0.43400E+07    0.66536E-27    0.15503E-27    0.45914E-29   -0.15499E-27   -0.81849E-24    0.85174E-13
    0.43450E+07    0.78457E-27    0.18279E-27    0.54156E-29   -0.18274E-27   -0.96422E-24    0.85370E-13
    0.43500E+07    0.92491E-27    0.21547E-27    0.63862E-29   -0.21541E-27   -0.11356E-23    0.85567E-13
    0.43550E+07    0.10901E-26    0.25392E-27    0.75289E-29   -0.25385E-27   -0.13371E-23    0.85764E-13
    0.43600E+07    0.12844E-26    0.29917E-27    0.88739E-29   -0.29908E-27   -0.15740E-23    0.85961E-13
    0.43650E+07    0.15131E-26    0.35239E-27    0.10457E-28   -0.35229E-27   -0.18524E-23    0.86158E-13
    0.43700E+07    0.17819E-26    0.41497E-27    0.12318E-28   -0.41485E-27   -0.21795E-23    0.86355E-13
    0.43750E+07    0.20981E-26    0.48855E-27    0.14508E-28   -0.48841E-27   -0.25637E-23    0.86553E-13
    0.43800E+07    0.24697E-26    0.57503E-27    0.17083E-28   -0.57486E-27   -0.30149E-23    0.86751E-13
    0.43850E+07    0.29065E-26    0.67666E-27    0.20110E-28   -0.67646E-27   -0.35446E-23    0.86949E-13
    0.43900E+07    0.34196E-26    0.79605E-27    0.23668E-28   -0.79581E-27   -0.41664E-23    0.87148E-13
    0.43950E+07    0.40223E-26    0.93627E-27    0.27848E-28   -0.93599E-27   -0.48960E-23    0.87346E-13
    0.44000E+07    0.47302E-26    0.11009E-26    0.32759E-28   -0.11006E-26   -0.57519E-23    0.87545E-13
    0.44050E+07    0.55612E-26    0.12942E-26    0.38526E-28   -0.12938E-26   -0.67559E-23    0.87744E-13
    0.44100E+07    0.65366E-26    0.15211E-26    0.45298E-28   -0.15206E-26   -0.79332E-23    0.87944E-13
    0.44150E+07    0.76813E-26    0.17873E-26    0.53247E-28   -0.17868E-26   -0.93133E-23    0.88143E-13
    0.44200E+07    0.90242E-26    0.20996E-26    0.62575E-28   -0.20989E-26   -0.10931E-22    0.88343E-13
    0.44250E+07    0.10599E-25    0.24658E-26    0.73520E-28   -0.24651E-26   -0.12826E-22    0.88543E-13
    0.44300E+07    0.12446E-25    0.28953E-26    0.86359E-28   -0.28944E-26   -0.15047E-22    0.88743E-13
    0.44350E+07    0.14612E-25    0.33987E-26    0.10141E-27   -0.33976E-26   -0.17647E-22    0.88943E-13
    0.44400E+07    0.17150E-25    0.39886E-26    0.11907E-27   -0.39873E-26   -0.20692E-22    0.89144E-13
    0.44450E+07    0.20124E-25    0.46799E-26    0.13976E-27   -0.46783E-26   -0.24256E-22    0.89345E-13
    0.44500E+07    0.23608E-25    0.54895E-26    0.16401E-27   -0.54877E-26   -0.28427E-22    0.89546E-13
    0.44550E+07    0.27688E-25    0.64378E-26    0.19241E-27   -0.64357E-26   -0.33307E-22    0.89747E-13
    0.44600E+07    0.32466E-25    0.75480E-26    0.22569E-27   -0.75455E-26   -0.39016E-22    0.89949E-13
    0.44650E+07    0.38059E-25    0.88476E-26    0.26466E-27   -0.88446E-26   -0.45692E-22    0.90151E-13
    0.44700E+07    0.44605E-25    0.10368E-25    0.31028E-27   -0.10365E-25   -0.53498E-22    0.90353E-13
    0.44750E+07    0.52265E-25    0.12148E-25    0.36367E-27   -0.12144E-25   -0.62622E-22    0.90555E-13
    0.44800E+07    0.61225E-25    0.14229E-25    0.42616E-27   -0.14224E-25   -0.73285E-22    0.90758E-13
    0.44850E+07    0.71704E-25    0.16663E-25    0.49926E-27   -0.16657E-25   -0.85743E-22    0.90960E-13
    0.44900E+07    0.83957E-25    0.19508E-25    0.58476E-27   -0.19502E-25   -0.10029E-21    0.91163E-13
    0.44950E+07    0.98280E-25    0.22834E-25    0.68474E-27   -0.22826E-25   -0.11728E-21    0.91366E-13
    0.45000E+07    0.11502E-24    0.26721E-25    0.80163E-27   -0.26712E-25   -0.13712E-21    0.91570E-13
    0.45050E+07    0.13458E-24    0.31262E-25    0.93825E-27   -0.31251E-25   -0.16028E-21    0.91773E-13
    0.45100E+07    0.15742E-24    0.36566E-25    0.10979E-26   -0.36553E-25   -0.18730E-21    0.91977E-13
    0.45150E+07    0.18410E-24    0.42760E-25    0.12844E-26   -0.42744E-25   -0.21882E-21    0.92181E-13
    0.45200E+07    0.21526E-24    0.49991E-25    0.15022E-26   -0.49972E-25   -0.25559E-21    0.92385E-13
    0.45250E+07    0.25162E-24    0.58431E-25    0.17566E-26   -0.58409E-25   -0.29846E-21    0.92590E-13
    0.45300E+07    0.29406E-24    0.68279E-25    0.20536E-26   -0.68254E-25   -0.34844E-21    0.92795E-13
    0.45350E+07    0.34357E-24    0.79769E-25    0.24001E-26   -0.79739E-25   -0.40670E-21    0.93000E-13
    0.45400E+07    0.40133E-24    0.93170E-25    0.28046E-26   -0.93135E-25   -0.47458E-21    0.93205E-13
    0.45450E+07    0.46869E-24    0.10880E-24    0.32764E-26   -0.10876E-24   -0.55367E-21    0.93410E-13
    0.45500E+07    0.54722E-24    0.12702E-24    0.38266E-26   -0.12697E-24   -0.64578E-21    0.93616E-13
    0.45550E+07    0.63876E-24    0.14825E-24    0.44683E-26   -0.14819E-24   -0.75303E-21    0.93822E-13
    0.45600E+07    0.74544E-24    0.17299E-24    0.52163E-26   -0.17293E-24   -0.87788E-21    0.94028E-13
    0.45650E+07    0.86973E-24    0.20182E-24    0.60881E-26   -0.20174E-24   -0.10232E-20    0.94234E-13
    0.45700E+07    0.10145E-23    0.23540E-24    0.71040E-26   -0.23530E-24   -0.11923E-20    0.94441E-13
    0.45750E+07    0.11831E-23    0.27449E-24    0.82875E-26   -0.27438E-24   -0.13890E-20    0.94647E-13
    0.45800E+07    0.13794E-23    0.32001E-24    0.96659E-26   -0.31988E-24   -0.16178E-20    0.94854E-13
    0.45850E+07    0.16079E-23    0.37298E-24    0.11271E-25   -0.37283E-24   -0.18838E-20    0.95062E-13
    0.45900E+07    0.18738E-23    0.43462E-24    0.13139E-25   -0.43444E-24   -0.21930E-20    0.95269E-13
    0.45950E+07    0.21832E-23    0.50634E-24    0.15314E-25   -0.50612E-24   -0.25524E-20    0.95477E-13
    0.46000E+07    0.25431E-23    0.58975E-24    0.17845E-25   -0.58950E-24   -0.29700E-20    0.95685E-13
    0.46050E+07    0.29616E-23    0.68674E-24    0.20788E-25   -0.68644E-24   -0.34551E-20    0.95893E-13
    0.46100E+07    0.34481E-23    0.79949E-24    0.24212E-25   -0.79915E-24   -0.40185E-20    0.96101E-13
    0.46150E+07    0.40137E-23    0.93054E-24    0.28194E-25   -0.93014E-24   -0.46727E-20    0.96310E-13
    0.46200E+07    0.46709E-23    0.10828E-23    0.32822E-25   -0.10824E-23   -0.54321E-20    0.96518E-13
    0.46250E+07    0.54346E-23    0.12597E-23    0.38202E-25   -0.12592E-23   -0.63135E-20    0.96728E-13
    0.46300E+07    0.63216E-23    0.14652E-23    0.44453E-25   -0.14646E-23   -0.73361E-20    0.96937E-13
    0.46350E+07    0.73516E-23    0.17038E-23    0.51715E-25   -0.17031E-23   -0.85224E-20    0.97146E-13
    0.46400E+07    0.85476E-23    0.19808E-23    0.60150E-25   -0.19799E-23   -0.98982E-20    0.97356E-13
    0.46450E+07    0.99358E-23    0.23023E-23    0.69944E-25   -0.23013E-23   -0.11493E-19    0.97566E-13
    0.46500E+07    0.11547E-22    0.26754E-23    0.81314E-25   -0.26742E-23   -0.13343E-19    0.97776E-13
    0.46550E+07    0.13416E-22    0.31082E-23    0.94512E-25   -0.31068E-23   -0.15486E-19    0.97986E-13
    0.46600E+07    0.15584E-22    0.36102E-23    0.10983E-24   -0.36085E-23   -0.17969E-19    0.98197E-13
    0.46650E+07    0.18098E-22    0.41923E-23    0.12759E-24   -0.41903E-23   -0.20845E-19    0.98408E-13
    0.46700E+07    0.21014E-22    0.48672E-23    0.14820E-24   -0.48648E-23   -0.24177E-19    0.98619E-13
    0.46750E+07    0.24393E-22    0.56494E-23    0.17209E-24   -0.56467E-23   -0.28034E-19    0.98830E-13
    0.46800E+07    0.28309E-22    0.65558E-23    0.19980E-24   -0.65526E-23   -0.32499E-19    0.99042E-13
    0.46850E+07    0.32846E-22    0.76059E-23    0.23191E-24   -0.76021E-23   -0.37667E-19    0.99253E-13
    0.46900E+07    0.38102E-22    0.88222E-23    0.26912E-24   -0.88178E-23   -0.43647E-19    0.99465E-13
    0.46950E+07    0.44189E-22    0.10231E-22    0.31222E-24   -0.10225E-22   -0.50563E-19    0.99678E-13
    0.47000E+07    0.51236E-22    0.11861E-22    0.36216E-24   -0.11855E-22   -0.58563E-19    0.99890E-13
    0.47050E+07    0.59394E-22    0.13749E-22    0.41998E-24   -0.13742E-22   -0.67812E-19    0.10010E-12
    0.47100E+07    0.68835E-22    0.15933E-22    0.48692E-24   -0.15924E-22   -0.78504E-19    0.10032E-12
    0.47150E+07    0.79759E-22    0.18459E-22    0.56440E-24   -0.18450E-22   -0.90862E-19    0.10053E-12
    0.47200E+07    0.92395E-22    0.21382E-22    0.65407E-24   -0.21371E-22   -0.10514E-18    0.10074E-12
    0.47250E+07    0.10701E-21    0.24762E-22    0.75782E-24   -0.24749E-22   -0.12163E-18    0.10096E-12
    0.47300E+07    0.12391E-21    0.28669E-22    0.87782E-24   -0.28654E-22   -0.14068E-18    0.10117E-12
    0.47350E+07    0.14344E-21    0.33186E-22    0.10166E-23   -0.33168E-22   -0.16267E-18    0.10138E-12
    0.47400E+07    0.16601E-21    0.38406E-22    0.11770E-23   -0.38385E-22   -0.18806E-18    0.10160E-12
    0.47450E+07    0.19209E-21    0.44436E-22    0.13625E-23   -0.44411E-22   -0.21737E-18    0.10181E-12
    0.47500E+07    0.22222E-21    0.51401E-22    0.15768E-23   -0.51373E-22   -0.25117E-18    0.10203E-12
    0.47550E+07    0.25702E-21    0.59445E-22    0.18245E-23   -0.59412E-22   -0.29017E-18    0.10224E-12
    0.47600E+07    0.29720E-21    0.68733E-22    0.21105E-23   -0.68694E-22   -0.33516E-18    0.10246E-12
    0.47650E+07    0.34359E-21    0.79453E-22    0.24409E-23   -0.79408E-22   -0.38702E-18    0.10267E-12
    0.47700E+07    0.39712E-21    0.91825E-22    0.28223E-23   -0.91772E-22   -0.44681E-18    0.10289E-12
    0.47750E+07    0.45889E-21    0.10610E-21    0.32626E-23   -0.10604E-21   -0.51572E-18    0.10310E-12
    0.47800E+07    0.53015E-21    0.12256E-21    0.37708E-23   -0.12249E-21   -0.59511E-18    0.10332E-12
    0.47850E+07    0.61233E-21    0.14155E-21    0.43571E-23   -0.14147E-21   -0.68658E-18    0.10354E-12
    0.47900E+07    0.70710E-21    0.16345E-21    0.50335E-23   -0.16335E-21   -0.79191E-18    0.10375E-12
    0.47950E+07    0.81635E-21    0.18869E-21    0.58135E-23   -0.18857E-21   -0.91321E-18    0.10397E-12
    0.48000E+07    0.94227E-21    0.21777E-21    0.67129E-23   -0.21764E-21   -0.10528E-17    0.10419E-12
    0.48050E+07    0.10874E-20    0.25129E-21    0.77498E-23   -0.25113E-21   -0.12135E-17    0.10440E-12
    0.48100E+07    0.12545E-20    0.28989E-21    0.89449E-23   -0.28971E-21   -0.13984E-17    0.10462E-12
    0.48150E+07    0.14470E-20    0.33435E-21    0.10322E-22   -0.33414E-21   -0.16112E-17    0.10484E-12
    0.48200E+07    0.16687E-20    0.38555E-21    0.11908E-22   -0.38530E-21   -0.18558E-17    0.10506E-12
    0.48250E+07    0.19240E-20    0.44448E-21    0.13735E-22   -0.44419E-21   -0.21371E-17    0.10527E-12
    0.48300E+07    0.22178E-20    0.51231E-21    0.15839E-22   -0.51197E-21   -0.24605E-17    0.10549E-12
    0.48350E+07    0.25558E-20    0.59035E-21    0.18261E-22   -0.58996E-21   -0.28322E-17    0.10571E-12
    0.48400E+07    0.29447E-20    0.68013E-21    0.21049E-22   -0.67968E-21   -0.32593E-17    0.10593E-12
    0.48450E+07    0.33921E-20    0.78339E-21    0.24257E-22   -0.78286E-21   -0.37500E-17    0.10615E-12
    0.48500E+07    0.39065E-20    0.90213E-21    0.27948E-22   -0.90151E-21   -0.43135E-17    0.10637E-12
    0.48550E+07    0.44980E-20    0.10386E-20    0.32193E-22   -0.10379E-20   -0.49606E-17    0.10659E-12
    0.48600E+07    0.51778E-20    0.11955E-20    0.37074E-22   -0.11947E-20   -0.57034E-17    0.10681E-12
    0.48650E+07    0.59590E-20    0.13758E-20    0.42687E-22   -0.13748E-20   -0.65560E-17    0.10703E-12
    0.48700E+07    0.68566E-20    0.15829E-20    0.49138E-22   -0.15818E-20   -0.75344E-17    0.10725E-12
    0.48750E+07    0.78877E-20    0.18208E-20    0.56551E-22   -0.18195E-20   -0.86567E-17    0.10747E-12
    0.48800E+07    0.90717E-20    0.20939E-20    0.65069E-22   -0.20924E-20   -0.99441E-17    0.10769E-12
    0.48850E+07    0.10431E-19    0.24075E-20    0.74853E-22   -0.24058E-20   -0.11420E-16    0.10791E-12
    0.48900E+07    0.11992E-19    0.27675E-20    0.86089E-22   -0.27654E-20   -0.13112E-16    0.10813E-12
    0.48950E+07    0.13782E-19    0.31806E-20    0.98989E-22   -0.31782E-20   -0.15052E-16    0.10835E-12
    0.49000E+07    0.15837E-19    0.36545E-20    0.11380E-21   -0.36517E-20   -0.17275E-16    0.10857E-12
    0.49050E+07    0.18194E-19    0.41980E-20    0.13079E-21   -0.41948E-20   -0.19821E-16    0.10879E-12
    0.49100E+07    0.20897E-19    0.48214E-20    0.15029E-21   -0.48176E-20   -0.22737E-16    0.10902E-12
    0.49150E+07    0.23997E-19    0.55360E-20    0.17266E-21   -0.55317E-20   -0.26077E-16    0.10924E-12
    0.49200E+07    0.27550E-19    0.63552E-20    0.19832E-21   -0.63502E-20   -0.29900E-16    0.10946E-12
    0.49250E+07    0.31621E-19    0.72940E-20    0.22773E-21   -0.72882E-20   -0.34276E-16    0.10968E-12
    0.49300E+07    0.36287E-19    0.83696E-20    0.26145E-21   -0.83628E-20   -0.39284E-16    0.10991E-12
    0.49350E+07    0.41632E-19    0.96017E-20    0.30010E-21   -0.95938E-20   -0.45013E-16    0.11013E-12
    0.49400E+07    0.47753E-19    0.11013E-19    0.34438E-21   -0.11004E-19   -0.51566E-16    0.11035E-12
    0.49450E+07    0.54762E-19    0.12628E-19    0.39511E-21   -0.12618E-19   -0.59060E-16    0.11058E-12
    0.49500E+07    0.62786E-19    0.14478E-19    0.45322E-21   -0.14465E-19   -0.67626E-16    0.11080E-12
    0.49550E+07    0.71970E-19    0.16594E-19    0.51975E-21   -0.16580E-19   -0.77418E-16    0.11102E-12
    0.49600E+07    0.82478E-19    0.19016E-19    0.59593E-21   -0.18999E-19   -0.88608E-16    0.11125E-12
    0.49650E+07    0.94499E-19    0.21786E-19    0.68311E-21   -0.21767E-19   -0.10139E-15    0.11147E-12
    0.49700E+07    0.10825E-18    0.24954E-19    0.78287E-21   -0.24932E-19   -0.11599E-15    0.11170E-12
    0.49750E+07    0.12397E-18    0.28576E-19    0.89701E-21   -0.28551E-19   -0.13267E-15    0.11192E-12
    0.49800E+07    0.14195E-18    0.32717E-19    0.10276E-20   -0.32687E-19   -0.15170E-15    0.11215E-12
    0.49850E+07    0.16249E-18    0.37450E-19    0.11769E-20   -0.37415E-19   -0.17343E-15    0.11237E-12
    0.49900E+07    0.18597E-18    0.42858E-19    0.13475E-20   -0.42818E-19   -0.19823E-15    0.11260E-12
    0.49950E+07    0.21279E-18    0.49036E-19    0.15426E-20   -0.48989E-19   -0.22651E-15    0.11282E-12
    0.50000E+07    0.24342E-18    0.56091E-19    0.17656E-20   -0.56038E-19   -0.25878E-15    0.11305E-12
    0.50050E+07    0.27840E-18    0.64148E-19    0.20203E-20   -0.64086E-19   -0.29558E-15    0.11328E-12
    0.50100E+07    0.31834E-18    0.73346E-19    0.23113E-20   -0.73274E-19   -0.33753E-15    0.11350E-12
    0.50150E+07    0.36392E-18    0.83844E-19    0.26436E-20   -0.83761E-19   -0.38535E-15    0.11373E-12
    0.50200E+07    0.41594E-18    0.95823E-19    0.30230E-20   -0.95727E-19   -0.43984E-15    0.11396E-12
    0.50250E+07    0.47529E-18    0.10949E-18    0.34561E-20   -0.10938E-18   -0.50192E-15    0.11418E-12
    0.50300E+07    0.54299E-18    0.12508E-18    0.39503E-20   -0.12495E-18   -0.57263E-15    0.11441E-12
    0.50350E+07    0.62019E-18    0.14285E-18    0.45143E-20   -0.14270E-18   -0.65315E-15    0.11464E-12
    0.50400E+07    0.70821E-18    0.16311E-18    0.51575E-20   -0.16294E-18   -0.74483E-15    0.11487E-12
    0.50450E+07    0.80854E-18    0.18621E-18    0.58912E-20   -0.18601E-18   -0.84918E-15    0.11509E-12
    0.50500E+07    0.92287E-18    0.21253E-18    0.67277E-20   -0.21230E-18   -0.96793E-15    0.11532E-12
    0.50550E+07    0.10531E-17    0.24251E-18    0.76814E-20   -0.24225E-18   -0.11030E-14    0.11555E-12
    0.50600E+07    0.12015E-17    0.27667E-18    0.87682E-20   -0.27636E-18   -0.12567E-14    0.11578E-12
    0.50650E+07    0.13705E-17    0.31556E-18    0.10007E-19   -0.31521E-18   -0.14314E-14    0.11601E-12
    0.50700E+07    0.15629E-17    0.35984E-18    0.11417E-19   -0.35943E-18   -0.16301E-14    0.11624E-12
    0.50750E+07    0.17819E-17    0.41024E-18    0.13024E-19   -0.40977E-18   -0.18559E-14    0.11647E-12
    0.50800E+07    0.20311E-17    0.46760E-18    0.14854E-19   -0.46706E-18   -0.21126E-14    0.11670E-12
    0.50850E+07    0.23147E-17    0.53286E-18    0.16937E-19   -0.53223E-18   -0.24041E-14    0.11693E-12
    0.50900E+07    0.26373E-17    0.60708E-18    0.19307E-19   -0.60636E-18   -0.27352E-14    0.11716E-12
    0.50950E+07    0.30041E-17    0.69150E-18    0.22005E-19   -0.69066E-18   -0.31113E-14    0.11739E-12
    0.51000E+07    0.34212E-17    0.78747E-18    0.25074E-19   -0.78650E-18   -0.35382E-14    0.11762E-12
    0.51050E+07    0.38953E-17    0.89656E-18    0.28565E-19   -0.89545E-18   -0.40228E-14    0.11785E-12
    0.51100E+07    0.44342E-17    0.10205E-17    0.32534E-19   -0.10192E-17   -0.45727E-14    0.11808E-12
    0.51150E+07    0.50464E-17    0.11614E-17    0.37046E-19   -0.11599E-17   -0.51965E-14    0.11831E-12
    0.51200E+07    0.57418E-17    0.13214E-17    0.42175E-19   -0.13197E-17   -0.59041E-14    0.11854E-12
    0.51250E+07    0.65317E-17    0.15031E-17    0.48004E-19   -0.15011E-17   -0.67064E-14    0.11878E-12
    0.51300E+07    0.74284E-17    0.17094E-17    0.54626E-19   -0.17071E-17   -0.76161E-14    0.11901E-12
    0.51350E+07    0.84464E-17    0.19435E-17    0.62147E-19   -0.19409E-17   -0.86471E-14    0.11924E-12
    0.51400E+07    0.96017E-17    0.22093E-17    0.70687E-19   -0.22063E-17   -0.98153E-14    0.11947E-12
    0.51450E+07    0.10913E-16    0.25108E-17    0.80384E-19   -0.25074E-17   -0.11139E-13    0.11971E-12
    0.51500E+07    0.12400E-16    0.28528E-17    0.91390E-19   -0.28489E-17   -0.12638E-13    0.11994E-12
    0.51550E+07    0.14086E-16    0.32407E-17    0.10388E-18   -0.32361E-17   -0.14335E-13    0.12018E-12
    0.51600E+07    0.15998E-16    0.36805E-17    0.11805E-18   -0.36752E-17   -0.16257E-13    0.12041E-12
    0.51650E+07    0.18165E-16    0.41790E-17    0.13412E-18   -0.41729E-17   -0.18431E-13    0.12064E-12
    0.51700E+07    0.20622E-16    0.47440E-17    0.15235E-18   -0.47370E-17   -0.20892E-13    0.12088E-12
    0.51750E+07    0.23405E-16    0.53841E-17    0.17302E-18   -0.53760E-17   -0.23676E-13    0.12112E-12
    0.51800E+07    0.26558E-16    0.61092E-17    0.19644E-18   -0.60999E-17   -0.26824E-13    0.12135E-12
    0.51850E+07    0.30128E-16    0.69303E-17    0.22298E-18   -0.69197E-17   -0.30384E-13    0.12159E-12
    0.51900E+07    0.34171E-16    0.78600E-17    0.25306E-18   -0.78478E-17   -0.34408E-13    0.12183E-12
    0.51950E+07    0.38747E-16    0.89124E-17    0.28712E-18   -0.88983E-17   -0.38956E-13    0.12206E-12
    0.52000E+07    0.43926E-16    0.10103E-16    0.32570E-18   -0.10087E-16   -0.44094E-13    0.12230E-12
    0.52050E+07    0.49785E-16    0.11451E-16    0.36937E-18   -0.11432E-16   -0.49899E-13    0.12254E-12
    0.52100E+07    0.56413E-16    0.12975E-16    0.41881E-18   -0.12954E-16   -0.56454E-13    0.12278E-12
    0.52150E+07    0.63909E-16    0.14699E-16    0.47475E-18   -0.14674E-16   -0.63854E-13    0.12302E-12
    0.52200E+07    0.72384E-16    0.16648E-16    0.53805E-18   -0.16620E-16   -0.72208E-13    0.12326E-12
    0.52250E+07    0.81963E-16    0.18851E-16    0.60964E-18   -0.18818E-16   -0.81635E-13    0.12350E-12
    0.52300E+07    0.92789E-16    0.21340E-16    0.69061E-18   -0.21303E-16   -0.92270E-13    0.12375E-12
    0.52350E+07    0.10502E-15    0.24153E-16    0.78214E-18   -0.24110E-16   -0.10427E-12    0.12399E-12
    0.52400E+07    0.11884E-15    0.27330E-16    0.88561E-18   -0.27281E-16   -0.11779E-12    0.12424E-12
    0.52450E+07    0.13444E-15    0.30918E-16    0.10025E-17   -0.30862E-16   -0.13304E-12    0.12449E-12
    0.52500E+07    0.15205E-15    0.34969E-16    0.11346E-17   -0.34904E-16   -0.15023E-12    0.12473E-12
    0.52550E+07    0.17193E-15    0.39541E-16    0.12838E-17   -0.39467E-16   -0.16960E-12    0.12498E-12
    0.52600E+07    0.19437E-15    0.44701E-16    0.14523E-17   -0.44615E-16   -0.19142E-12    0.12524E-12
    0.52650E+07    0.21968E-15    0.50522E-16    0.16425E-17   -0.50424E-16   -0.21599E-12    0.12549E-12
    0.52700E+07    0.24822E-15    0.57088E-16    0.18572E-17   -0.56975E-16   -0.24365E-12    0.12575E-12
    0.52750E+07    0.28041E-15    0.64492E-16    0.20995E-17   -0.64362E-16   -0.27480E-12    0.12601E-12
    0.52800E+07    0.31670E-15    0.72838E-16    0.23728E-17   -0.72690E-16   -0.30985E-12    0.12627E-12
    0.52850E+07    0.35760E-15    0.82246E-16    0.26811E-17   -0.82075E-16   -0.34927E-12    0.12653E-12
    0.52900E+07    0.40369E-15    0.92847E-16    0.30287E-17   -0.92651E-16   -0.39363E-12    0.12680E-12
    0.52950E+07    0.45560E-15    0.10479E-15    0.34206E-17   -0.10456E-15   -0.44350E-12    0.12707E-12
    0.53000E+07    0.51407E-15    0.11824E-15    0.38623E-17   -0.11798E-15   -0.49957E-12    0.12735E-12
    0.53050E+07    0.57990E-15    0.13338E-15    0.43600E-17   -0.13309E-15   -0.56258E-12    0.12763E-12
    0.53100E+07    0.65400E-15    0.15043E-15    0.49207E-17   -0.15009E-15   -0.63340E-12    0.12792E-12
    0.53150E+07    0.73740E-15    0.16962E-15    0.55522E-17   -0.16923E-15   -0.71293E-12    0.12821E-12
    0.53200E+07    0.83122E-15    0.19121E-15    0.62632E-17   -0.19076E-15   -0.80226E-12    0.12851E-12
    0.53250E+07    0.93676E-15    0.21549E-15    0.70635E-17   -0.21498E-15   -0.90256E-12    0.12882E-12
    0.53300E+07    0.10554E-14    0.24280E-15    0.79642E-17   -0.24222E-15   -0.10151E-11    0.12914E-12
    0.53350E+07    0.11889E-14    0.27351E-15    0.89777E-17   -0.27284E-15   -0.11415E-11    0.12946E-12
    0.53400E+07    0.13388E-14    0.30802E-15    0.10118E-16   -0.30726E-15   -0.12832E-11    0.12980E-12
    0.53450E+07    0.15073E-14    0.34680E-15    0.11400E-16   -0.34593E-15   -0.14421E-11    0.13015E-12
    0.53500E+07    0.16966E-14    0.39037E-15    0.12841E-16   -0.38937E-15   -0.16204E-11    0.13051E-12
    0.53550E+07    0.19092E-14    0.43931E-15    0.14461E-16   -0.43817E-15   -0.18201E-11    0.13089E-12
    0.53600E+07    0.21479E-14    0.49426E-15    0.16281E-16   -0.49295E-15   -0.20440E-11    0.13128E-12
    0.53650E+07    0.24158E-14    0.55595E-15    0.18327E-16   -0.55445E-15   -0.22949E-11    0.13169E-12
    0.53700E+07    0.27165E-14    0.62518E-15    0.20624E-16   -0.62347E-15   -0.25758E-11    0.13213E-12
    0.53750E+07    0.30538E-14    0.70287E-15    0.23203E-16   -0.70091E-15   -0.28904E-11    0.13258E-12
    0.53800E+07    0.34321E-14    0.79000E-15    0.26098E-16   -0.78776E-15   -0.32426E-11    0.13307E-12
    0.53850E+07    0.38564E-14    0.88772E-15    0.29348E-16   -0.88516E-15   -0.36367E-11    0.13358E-12
    0.53900E+07    0.43319E-14    0.99727E-15    0.32994E-16   -0.99434E-15   -0.40776E-11    0.13413E-12
    0.53950E+07    0.48649E-14    0.11201E-14    0.37083E-16   -0.11167E-14   -0.45709E-11    0.13471E-12
    0.54000E+07    0.54621E-14    0.12577E-14    0.41669E-16   -0.12538E-14   -0.51223E-11    0.13533E-12
    0.54050E+07    0.61310E-14    0.14118E-14    0.46811E-16   -0.14074E-14   -0.57388E-11    0.13600E-12
    0.54100E+07    0.68800E-14    0.15844E-14    0.52574E-16   -0.15794E-14   -0.64278E-11    0.13672E-12
    0.54150E+07    0.77185E-14    0.17777E-14    0.59031E-16   -0.17720E-14   -0.71975E-11    0.13749E-12
    0.54200E+07    0.86569E-14    0.19941E-14    0.66264E-16   -0.19876E-14   -0.80573E-11    0.13833E-12
    0.54250E+07    0.97069E-14    0.22362E-14    0.74365E-16   -0.22288E-14   -0.90173E-11    0.13924E-12
    0.54300E+07    0.10881E-13    0.25071E-14    0.83436E-16   -0.24986E-14   -0.10089E-10    0.14023E-12
    0.54350E+07    0.12195E-13    0.28100E-14    0.93588E-16   -0.28003E-14   -0.11285E-10    0.14130E-12
    0.54400E+07    0.13663E-13    0.31488E-14    0.10495E-15   -0.31377E-14   -0.12619E-10    0.14248E-12
    0.54450E+07    0.15304E-13    0.35274E-14    0.11766E-15   -0.35148E-14   -0.14107E-10    0.14376E-12
    0.54500E+07    0.17138E-13    0.39506E-14    0.13187E-15   -0.39361E-14   -0.15766E-10    0.14516E-12
    0.54550E+07    0.19186E-13    0.44233E-14    0.14777E-15   -0.44068E-14   -0.17615E-10    0.14670E-12
    0.54600E+07    0.21473E-13    0.49514E-14    0.16553E-15   -0.49325E-14   -0.19676E-10    0.14839E-12
    0.54650E+07    0.24026E-13    0.55409E-14    0.18538E-15   -0.55194E-14   -0.21971E-10    0.15025E-12
    0.54700E+07    0.26875E-13    0.61990E-14    0.20756E-15   -0.61745E-14   -0.24527E-10    0.15230E-12
    0.54750E+07    0.30054E-13    0.69335E-14    0.23233E-15   -0.69055E-14   -0.27373E-10    0.15455E-12
    0.54800E+07    0.33599E-13    0.77528E-14    0.25998E-15   -0.77209E-14   -0.30540E-10    0.15703E-12
    0.54850E+07    0.37553E-13    0.86667E-14    0.29085E-15   -0.86302E-14   -0.34064E-10    0.15977E-12
    0.54900E+07    0.41960E-13    0.96856E-14    0.32530E-15   -0.96440E-14   -0.37983E-10    0.16279E-12
    0.54950E+07    0.46870E-13    0.10821E-13    0.36372E-15   -0.10774E-13   -0.42341E-10    0.16613E-12
    0.55000E+07    0.52341E-13    0.12087E-13    0.40658E-15   -0.12033E-13   -0.47185E-10    0.16982E-12
    0.55050E+07    0.58434E-13    0.13497E-13    0.45436E-15   -0.13435E-13   -0.52567E-10    0.17390E-12
    0.55100E+07    0.65217E-13    0.15067E-13    0.50761E-15   -0.14997E-13   -0.58546E-10    0.17841E-12
    0.55150E+07    0.72767E-13    0.16815E-13    0.56695E-15   -0.16735E-13   -0.65186E-10    0.18341E-12
    0.55200E+07    0.81168E-13    0.18761E-13    0.63305E-15   -0.18670E-13   -0.72556E-10    0.18893E-12
    0.55250E+07    0.90511E-13    0.20925E-13    0.70665E-15   -0.20822E-13   -0.80735E-10    0.19505E-12
    0.55300E+07    0.10090E-12    0.23333E-13    0.78860E-15   -0.23215E-13   -0.89808E-10    0.20182E-12
    0.55350E+07    0.11245E-12    0.26011E-13    0.87979E-15   -0.25876E-13   -0.99869E-10    0.20931E-12
    0.55400E+07    0.12528E-12    0.28987E-13    0.98124E-15   -0.28834E-13   -0.11103E-09    0.21761E-12
    0.55450E+07    0.13954E-12    0.32295E-13    0.10941E-14   -0.32121E-13   -0.12339E-09    0.22679E-12
    0.55500E+07    0.15537E-12    0.35970E-13    0.12195E-14   -0.35771E-13   -0.13708E-09    0.23696E-12
    0.55550E+07    0.17295E-12    0.40051E-13    0.13590E-14   -0.39825E-13   -0.15225E-09    0.24822E-12
    0.55600E+07    0.19245E-12    0.44581E-13    0.15139E-14   -0.44324E-13   -0.16904E-09    0.26067E-12
    0.55650E+07    0.21409E-12    0.49610E-13    0.16861E-14   -0.49317E-13   -0.18762E-09    0.27446E-12
    0.55700E+07    0.23809E-12    0.55189E-13    0.18772E-14   -0.54856E-13   -0.20818E-09    0.28971E-12
    0.55750E+07    0.26477E-12    0.61388E-13    0.20893E-14   -0.61008E-13   -0.23069E-09    0.30658E-12
    0.55800E+07    0.29436E-12    0.68265E-13    0.23247E-14   -0.67830E-13   -0.25556E-09    0.32524E-12
    0.55800E+07    0.29436E-12    0.68265E-13    0.23247E-14   -0.67830E-13   -0.25556E-09    0.32524E-12
    0.55850E+07    0.32761E-12    0.76051E-13    0.25827E-14   -0.75540E-13   -0.28419E-09    0.34623E-12
    0.55900E+07    0.36452E-12    0.84717E-13    0.28695E-14   -0.84120E-13   -0.31605E-09    0.36946E-12
    0.55950E+07    0.40545E-12    0.94356E-13    0.31883E-14   -0.93661E-13   -0.35149E-09    0.39519E-12
    0.56000E+07    0.45083E-12    0.10507E-12    0.35424E-14   -0.10427E-12   -0.39088E-09    0.42365E-12
    0.56050E+07    0.50112E-12    0.11697E-12    0.39357E-14   -0.11604E-12   -0.43463E-09    0.45513E-12
    0.56100E+07    0.55685E-12    0.13019E-12    0.43723E-14   -0.12912E-12   -0.48321E-09    0.48994E-12
    0.56150E+07    0.61856E-12    0.14485E-12    0.48568E-14   -0.14363E-12   -0.53710E-09    0.52843E-12
    0.56200E+07    0.68687E-12    0.16112E-12    0.53941E-14   -0.15972E-12   -0.59686E-09    0.57096E-12
    0.56250E+07    0.76247E-12    0.17915E-12    0.59898E-14   -0.17755E-12   -0.66309E-09    0.61794E-12
    0.56300E+07    0.84609E-12    0.19914E-12    0.66500E-14   -0.19731E-12   -0.73645E-09    0.66982E-12
    0.56350E+07    0.93855E-12    0.22127E-12    0.73814E-14   -0.21919E-12   -0.81767E-09    0.72710E-12
    0.56400E+07    0.10407E-11    0.24576E-12    0.81913E-14   -0.24341E-12   -0.90754E-09    0.79029E-12
    0.56450E+07    0.11536E-11    0.27287E-12    0.90877E-14   -0.27019E-12   -0.10069E-08    0.85999E-12
    0.56500E+07    0.12783E-11    0.30284E-12    0.10079E-13   -0.29981E-12   -0.11168E-08    0.93685E-12
    0.56550E+07    0.14159E-11    0.33598E-12    0.11176E-13   -0.33254E-12   -0.12382E-08    0.10216E-11
    0.56600E+07    0.15677E-11    0.37259E-12    0.12389E-13   -0.36870E-12   -0.13722E-08    0.11149E-11
    0.56650E+07    0.17352E-11    0.41302E-12    0.13729E-13   -0.40862E-12   -0.15202E-08    0.12176E-11
    0.56700E+07    0.19198E-11    0.45765E-12    0.15209E-13   -0.45268E-12   -0.16834E-08    0.13307E-11
    0.56750E+07    0.21231E-11    0.50689E-12    0.16843E-13   -0.50128E-12   -0.18633E-08    0.14551E-11
    0.56800E+07    0.23471E-11    0.56119E-12    0.18646E-13   -0.55486E-12   -0.20616E-08    0.15920E-11
    0.56850E+07    0.25937E-11    0.62105E-12    0.20635E-13   -0.61390E-12   -0.22800E-08    0.17424E-11
    0.56900E+07    0.28650E-11    0.68700E-12    0.22827E-13   -0.67893E-12   -0.25205E-08    0.19076E-11
    0.56950E+07    0.31635E-11    0.75962E-12    0.25244E-13   -0.75053E-12   -0.27850E-08    0.20890E-11
    0.57000E+07    0.34915E-11    0.83956E-12    0.27907E-13   -0.82932E-12   -0.30760E-08    0.22882E-11
    0.57050E+07    0.38519E-11    0.92750E-12    0.30838E-13   -0.91597E-12   -0.33959E-08    0.25067E-11
    0.57100E+07    0.42477E-11    0.10242E-11    0.34064E-13   -0.10112E-11   -0.37473E-08    0.27462E-11
    0.57149E+07    0.46760E-11    0.11290E-11    0.37562E-13   -0.11144E-11   -0.41275E-08    0.30050E-11
    0.57199E+07    0.51452E-11    0.12439E-11    0.41403E-13   -0.12275E-11   -0.45443E-08    0.32880E-11
    0.57199E+07    0.62720E-11    0.15050E-11    0.35302E-13   -0.14149E-11   -0.48569E-08    0.40285E-11
    0.57200E+07    0.62883E-11    0.15103E-11    0.35450E-13   -0.14204E-11   -0.48775E-08    0.40375E-11
    0.57250E+07    0.69150E-11    0.17092E-11    0.41113E-13   -0.16236E-11   -0.56532E-08    0.43859E-11
    0.57300E+07    0.76066E-11    0.19215E-11    0.47311E-13   -0.18395E-11   -0.64792E-08    0.47712E-11
    0.57350E+07    0.83668E-11    0.21483E-11    0.54093E-13   -0.20691E-11   -0.73580E-08    0.51952E-11
    0.57400E+07    0.92000E-11    0.23906E-11    0.61506E-13   -0.23135E-11   -0.82927E-08    0.56601E-11
    0.57450E+07    0.10111E-10    0.26496E-11    0.69606E-13   -0.25741E-11   -0.92871E-08    0.61685E-11
    0.57500E+07    0.11106E-10    0.29269E-11    0.78448E-13   -0.28523E-11   -0.10346E-07    0.67234E-11
    0.57550E+07    0.12191E-10    0.32241E-11    0.88095E-13   -0.31498E-11   -0.11473E-07    0.73281E-11
    0.57600E+07    0.13373E-10    0.35427E-11    0.98613E-13   -0.34681E-11   -0.12674E-07    0.79861E-11
    0.57650E+07    0.14660E-10    0.38846E-11    0.11007E-12   -0.38093E-11   -0.13955E-07    0.87015E-11
    0.57700E+07    0.16060E-10    0.42518E-11    0.12255E-12   -0.41752E-11   -0.15322E-07    0.94787E-11
    0.57750E+07    0.17582E-10    0.46466E-11    0.13613E-12   -0.45680E-11   -0.16783E-07    0.10322E-10
    0.57800E+07    0.19236E-10    0.50711E-11    0.15090E-12   -0.49901E-11   -0.18343E-07    0.11238E-10
    0.57850E+07    0.21032E-10    0.55280E-11    0.16695E-12   -0.54438E-11   -0.20012E-07    0.12230E-10
    0.57900E+07    0.22982E-10    0.60198E-11    0.18440E-12   -0.59318E-11   -0.21796E-07    0.13305E-10
    0.57950E+07    0.25098E-10    0.65494E-11    0.20334E-12   -0.64569E-11   -0.23707E-07    0.14470E-10
    0.58000E+07    0.27392E-10    0.71200E-11    0.22391E-12   -0.70222E-11   -0.25752E-07    0.15730E-10
    0.58050E+07    0.29878E-10    0.77347E-11    0.24622E-12   -0.76309E-11   -0.27942E-07    0.17094E-10
    0.58100E+07    0.32572E-10    0.83971E-11    0.27042E-12   -0.82863E-11   -0.30287E-07    0.18569E-10
    0.58150E+07    0.35488E-10    0.91109E-11    0.29664E-12   -0.89921E-11   -0.32799E-07    0.20163E-10
    0.58200E+07    0.38645E-10    0.98800E-11    0.32506E-12   -0.97521E-11   -0.35489E-07    0.21884E-10
    0.58250E+07    0.42059E-10    0.10709E-10    0.35584E-12   -0.10571E-10   -0.38370E-07    0.23742E-10
    0.58300E+07    0.45749E-10    0.11602E-10    0.38915E-12   -0.11452E-10   -0.41456E-07    0.25746E-10
    0.58350E+07    0.49736E-10    0.12563E-10    0.42519E-12   -0.12401E-10   -0.44759E-07    0.27907E-10
    0.58400E+07    0.54042E-10    0.13599E-10    0.46416E-12   -0.13421E-10   -0.48295E-07    0.30236E-10
    0.58450E+07    0.58688E-10    0.14714E-10    0.50628E-12   -0.14520E-10   -0.52078E-07    0.32743E-10
    0.58500E+07    0.63698E-10    0.15914E-10    0.55177E-12   -0.15701E-10   -0.56125E-07    0.35441E-10
    0.58550E+07    0.69098E-10    0.17204E-10    0.60089E-12   -0.16972E-10   -0.60452E-07    0.38342E-10
    0.58600E+07    0.74915E-10    0.18592E-10    0.65389E-12   -0.18336E-10   -0.65075E-07    0.41460E-10
    0.58636E+07    0.79315E-10    0.19641E-10    0.69405E-12   -0.19367E-10   -0.68550E-07    0.43813E-10
    0.58636E+07    0.81786E-10    0.20302E-10    0.67711E-12   -0.19910E-10   -0.70612E-07    0.45139E-10
    0.58668E+07    0.86208E-10    0.21419E-10    0.71733E-12   -0.21009E-10   -0.74418E-07    0.47467E-10
    0.58700E+07    0.90847E-10    0.22586E-10    0.75955E-12   -0.22158E-10   -0.78379E-07    0.49904E-10
    0.58750E+07    0.98490E-10    0.24501E-10    0.82921E-12   -0.24041E-10   -0.84842E-07    0.53909E-10
    0.58800E+07    0.10671E-09    0.26552E-10    0.90426E-12   -0.26057E-10   -0.91714E-07    0.58204E-10
    0.58850E+07    0.11555E-09    0.28747E-10    0.98507E-12   -0.28212E-10   -0.99020E-07    0.62804E-10
    0.58900E+07    0.12504E-09    0.31096E-10    0.10720E-11   -0.30517E-10   -0.10679E-06    0.67729E-10
    0.58950E+07    0.13523E-09    0.33609E-10    0.11656E-11   -0.32981E-10   -0.11503E-06    0.72997E-10
    0.59000E+07    0.14616E-09    0.36296E-10    0.12661E-11   -0.35613E-10   -0.12379E-06    0.78626E-10
    0.59050E+07    0.15788E-09    0.39168E-10    0.13740E-11   -0.38424E-10   -0.13309E-06    0.84636E-10
    0.59100E+07    0.17042E-09    0.42235E-10    0.14899E-11   -0.41424E-10   -0.14294E-06    0.91048E-10
    0.59150E+07    0.18385E-09    0.45510E-10    0.16142E-11   -0.44625E-10   -0.15339E-06    0.97883E-10
    0.59200E+07    0.19820E-09    0.49005E-10    0.17474E-11   -0.48037E-10   -0.16446E-06    0.10516E-09
    0.59250E+07    0.21354E-09    0.52732E-10    0.18901E-11   -0.51672E-10   -0.17618E-06    0.11290E-09
    0.59300E+07    0.22991E-09    0.56703E-10    0.20428E-11   -0.55541E-10   -0.18857E-06    0.12113E-09
    0.59350E+07    0.24738E-09    0.60933E-10    0.22061E-11   -0.59659E-10   -0.20167E-06    0.12987E-09
    0.59400E+07    0.26599E-09    0.65434E-10    0.23806E-11   -0.64035E-10   -0.21550E-06    0.13914E-09
    0.59450E+07    0.28581E-09    0.70220E-10    0.25670E-11   -0.68684E-10   -0.23009E-06    0.14896E-09
    0.59500E+07    0.30690E-09    0.75305E-10    0.27657E-11   -0.73618E-10   -0.24547E-06    0.15936E-09
    0.59529E+07    0.31966E-09    0.78380E-10    0.28863E-11   -0.76599E-10   -0.25471E-06    0.16562E-09
    0.59558E+07    0.33287E-09    0.81563E-10    0.30114E-11   -0.79682E-10   -0.26422E-06    0.17209E-09
    0.59558E+07    0.36264E-09    0.87903E-10    0.27890E-11   -0.82541E-10   -0.25473E-06    0.19549E-09
    0.59600E+07    0.38557E-09    0.94305E-10    0.30241E-11   -0.88806E-10   -0.27540E-06    0.20603E-09
    0.59650E+07    0.41429E-09    0.10219E-09    0.33179E-11   -0.96506E-10   -0.30075E-06    0.21913E-09
    0.59700E+07    0.44485E-09    0.11044E-09    0.36300E-11   -0.10454E-09   -0.32712E-06    0.23294E-09
    0.59750E+07    0.47730E-09    0.11906E-09    0.39613E-11   -0.11292E-09   -0.35455E-06    0.24747E-09
    0.59800E+07    0.51172E-09    0.12807E-09    0.43126E-11   -0.12167E-09   -0.38306E-06    0.26272E-09
    0.59850E+07    0.54818E-09    0.13749E-09    0.46849E-11   -0.13079E-09   -0.41270E-06    0.27870E-09
    0.59900E+07    0.58677E-09    0.14733E-09    0.50790E-11   -0.14030E-09   -0.44348E-06    0.29543E-09
    0.59950E+07    0.62934E-09    0.15815E-09    0.54962E-11   -0.15197E-09   -0.47624E-06    0.31260E-09
    0.60000E+07    0.67415E-09    0.16948E-09    0.59373E-11   -0.16429E-09   -0.51029E-06    0.33027E-09
    0.60050E+07    0.71921E-09    0.18072E-09    0.64026E-11   -0.17529E-09   -0.54465E-06    0.34877E-09
    0.60100E+07    0.76659E-09    0.19241E-09    0.68926E-11   -0.18671E-09   -0.58015E-06    0.36796E-09
    0.60150E+07    0.81634E-09    0.20457E-09    0.74082E-11   -0.19856E-09   -0.61680E-06    0.38780E-09
    0.60200E+07    0.86851E-09    0.21719E-09    0.79500E-11   -0.21084E-09   -0.65458E-06    0.40828E-09
    0.60250E+07    0.92314E-09    0.23029E-09    0.85187E-11   -0.22357E-09   -0.69350E-06    0.42938E-09
    0.60300E+07    0.98028E-09    0.24386E-09    0.91149E-11   -0.23673E-09   -0.73354E-06    0.45106E-09
    0.60350E+07    0.10400E-08    0.25792E-09    0.97392E-11   -0.25034E-09   -0.77467E-06    0.47330E-09
    0.60400E+07    0.11022E-08    0.27246E-09    0.10392E-10   -0.26439E-09   -0.81688E-06    0.49604E-09
    0.60450E+07    0.11671E-08    0.28748E-09    0.11074E-10   -0.27887E-09   -0.86011E-06    0.51925E-09
    0.60500E+07    0.12346E-08    0.30297E-09    0.11785E-10   -0.29378E-09   -0.90431E-06    0.54286E-09
    0.60550E+07    0.13046E-08    0.31893E-09    0.12525E-10   -0.30910E-09   -0.94943E-06    0.56681E-09
    0.60600E+07    0.13773E-08    0.33534E-09    0.13295E-10   -0.32481E-09   -0.99540E-06    0.59103E-09
    0.60650E+07    0.14525E-08    0.35218E-09    0.14094E-10   -0.34090E-09   -0.10421E-05    0.61543E-09
    0.60700E+07    0.15302E-08    0.36944E-09    0.14922E-10   -0.35734E-09   -0.10895E-05    0.63992E-09
    0.60750E+07    0.16104E-08    0.38709E-09    0.15778E-10   -0.37411E-09   -0.11374E-05    0.66439E-09
    0.60800E+07    0.16930E-08    0.40510E-09    0.16662E-10   -0.39116E-09   -0.11858E-05    0.68874E-09
    0.60850E+07    0.17778E-08    0.42343E-09    0.17573E-10   -0.40846E-09   -0.12343E-05    0.71283E-09
    0.60900E+07    0.18648E-08    0.44205E-09    0.18510E-10   -0.42596E-09   -0.12830E-05    0.73652E-09
    0.60950E+07    0.19539E-08    0.46090E-09    0.19471E-10   -0.44361E-09   -0.13316E-05    0.75967E-09
    0.61000E+07    0.20448E-08    0.47995E-09    0.20454E-10   -0.46136E-09   -0.13799E-05    0.78209E-09
    0.61050E+07    0.21374E-08    0.49913E-09    0.21458E-10   -0.47913E-09   -0.14277E-05    0.80364E-09
    0.61100E+07    0.22315E-08    0.51837E-09    0.22480E-10   -0.49686E-09   -0.14748E-05    0.82409E-09
    0.61150E+07    0.23268E-08    0.53761E-09    0.23517E-10   -0.51448E-09   -0.15209E-05    0.84326E-09
    0.61200E+07    0.24231E-08    0.55676E-09    0.24566E-10   -0.53188E-09   -0.15656E-05    0.86092E-09
    0.61250E+07    0.25200E-08    0.57574E-09    0.25623E-10   -0.54898E-09   -0.16088E-05    0.87683E-09
    0.61300E+07    0.26173E-08    0.59446E-09    0.26685E-10   -0.56568E-09   -0.16501E-05    0.89077E-09
    0.61350E+07    0.27146E-08    0.61281E-09    0.27746E-10   -0.58187E-09   -0.16891E-05    0.90245E-09
    0.61400E+07    0.28114E-08    0.63069E-09    0.28802E-10   -0.59742E-09   -0.17255E-05    0.91160E-09
    0.61450E+07    0.29074E-08    0.64799E-09    0.29847E-10   -0.61221E-09   -0.17590E-05    0.91794E-09
    0.61500E+07    0.30022E-08    0.66457E-09    0.30874E-10   -0.62612E-09   -0.17891E-05    0.92119E-09
    0.61550E+07    0.30951E-08    0.68032E-09    0.31877E-10   -0.63899E-09   -0.18154E-05    0.92101E-09
    0.61600E+07    0.31857E-08    0.69508E-09    0.32848E-10   -0.65068E-09   -0.18375E-05    0.91710E-09
    0.61650E+07    0.32735E-08    0.70874E-09    0.33779E-10   -0.66103E-09   -0.18549E-05    0.90914E-09
    0.61700E+07    0.33579E-08    0.72112E-09    0.34662E-10   -0.66989E-09   -0.18674E-05    0.89678E-09
    0.61750E+07    0.34382E-08    0.73209E-09    0.35486E-10   -0.67707E-09   -0.18743E-05    0.87970E-09
    0.61800E+07    0.35138E-08    0.74147E-09    0.36242E-10   -0.68241E-09   -0.18752E-05    0.85755E-09
    0.61850E+07    0.35841E-08    0.74912E-09    0.36918E-10   -0.68573E-09   -0.18698E-05    0.83001E-09
    0.61900E+07    0.36484E-08    0.75487E-09    0.37504E-10   -0.68686E-09   -0.18576E-05    0.79674E-09
    0.61950E+07    0.37060E-08    0.75856E-09    0.37985E-10   -0.68560E-09   -0.18383E-05    0.75741E-09
    0.62000E+07    0.37561E-08    0.76003E-09    0.38350E-10   -0.68178E-09   -0.18113E-05    0.71173E-09
    0.62049E+07    0.37977E-08    0.75915E-09    0.38582E-10   -0.67531E-09   -0.17770E-05    0.66006E-09
    0.62049E+07    0.38678E-08    0.77932E-09    0.38933E-10   -0.69153E-09   -0.18560E-05    0.69339E-09
    0.62075E+07    0.38624E-08    0.77482E-09    0.39176E-10   -0.68086E-09   -0.18324E-05    0.65716E-09
    0.62100E+07    0.38551E-08    0.76938E-09    0.39358E-10   -0.66920E-09   -0.18052E-05    0.61958E-09
    0.62150E+07    0.38407E-08    0.75816E-09    0.39529E-10   -0.64954E-09   -0.17440E-05    0.54005E-09
    0.62200E+07    0.38163E-08    0.74342E-09    0.39435E-10   -0.62594E-09   -0.16699E-05    0.45389E-09
    0.62250E+07    0.37815E-08    0.72527E-09    0.39055E-10   -0.59856E-09   -0.15835E-05    0.36101E-09
    0.62300E+07    0.37359E-08    0.70385E-09    0.38368E-10   -0.56751E-09   -0.14858E-05    0.26123E-09
    0.62350E+07    0.36791E-08    0.67928E-09    0.37354E-10   -0.53291E-09   -0.13777E-05    0.15446E-09
    0.62400E+07    0.36107E-08    0.65171E-09    0.35990E-10   -0.49486E-09   -0.12600E-05    0.40626E-10
    0.62450E+07    0.35304E-08    0.62129E-09    0.34253E-10   -0.45344E-09   -0.11340E-05   -0.80270E-10
    0.62500E+07    0.34379E-08    0.58821E-09    0.32118E-10   -0.40871E-09   -0.10008E-05   -0.20809E-09
    0.62550E+07    0.33332E-08    0.55266E-09    0.29561E-10   -0.36074E-09   -0.86188E-06   -0.34268E-09
    0.62600E+07    0.32162E-08    0.51486E-09    0.26556E-10   -0.30954E-09   -0.71871E-06   -0.48373E-09
    0.62650E+07    0.30871E-08    0.47507E-09    0.23078E-10   -0.25515E-09   -0.57304E-06   -0.63079E-09
    0.62700E+07    0.29463E-08    0.43357E-09    0.19100E-10   -0.19754E-09   -0.42687E-06   -0.78325E-09
    0.62750E+07    0.27941E-08    0.39071E-09    0.14595E-10   -0.13668E-09   -0.28242E-06   -0.94031E-09
    0.62800E+07    0.26316E-08    0.34687E-09    0.95341E-11   -0.72523E-10   -0.14224E-06   -0.11009E-08
    0.62850E+07    0.24598E-08    0.30250E-09    0.38915E-11   -0.49741E-11   -0.92384E-08   -0.12637E-08
    0.62900E+07    0.22804E-08    0.25812E-09   -0.23608E-11    0.66082E-10    0.11326E-06   -0.14271E-08
    0.62950E+07    0.20954E-08    0.21434E-09   -0.92493E-11    0.14080E-09    0.22145E-06   -0.15890E-08
    0.63000E+07    0.19075E-08    0.17188E-09   -0.16800E-10    0.21937E-09    0.31098E-06   -0.17467E-08
    0.63025E+07    0.18145E-08    0.15150E-09   -0.20765E-10    0.25989E-09    0.34645E-06   -0.18221E-08
    0.63025E+07    0.14368E-08    0.14327E-09   -0.22192E-10    0.26174E-09    0.31826E-06   -0.20141E-08
    0.63062E+07    0.13136E-08    0.11231E-09   -0.30137E-10    0.34053E-09    0.36580E-06   -0.21037E-08
    0.63100E+07    0.11947E-08    0.83856E-10   -0.38445E-10    0.42230E-09    0.39147E-06   -0.21847E-08
    0.63150E+07    0.10487E-08    0.50884E-10   -0.50039E-10    0.53533E-09    0.38641E-06   -0.22751E-08
    0.63200E+07    0.92404E-09    0.24681E-10   -0.62306E-10    0.65349E-09    0.32893E-06   -0.23397E-08
    0.63250E+07    0.83075E-09    0.70139E-11   -0.75258E-10    0.77652E-09    0.20896E-06   -0.23708E-08
    0.63300E+07    0.78124E-09    0.32723E-13   -0.88898E-10    0.90402E-09    0.14581E-07   -0.23590E-08
    0.63350E+07    0.79034E-09    0.63214E-11   -0.10322E-09    0.10354E-08   -0.26820E-06   -0.22932E-08
    0.63400E+07    0.87570E-09    0.28964E-10   -0.11821E-09    0.11698E-08   -0.65575E-06   -0.21605E-08
    0.63450E+07    0.10582E-08    0.71617E-10   -0.13384E-09    0.13062E-08   -0.11671E-05   -0.19455E-08
    0.63500E+07    0.13625E-08    0.13859E-09   -0.15006E-09    0.14431E-08   -0.18245E-05   -0.16305E-08
    0.63545E+07    0.17643E-08    0.22383E-09   -0.16510E-09    0.15654E-08   -0.25621E-05   -0.12445E-08
    0.63590E+07    0.23125E-08    0.33714E-09   -0.18049E-09    0.16851E-08   -0.34601E-05   -0.74322E-09
    0.63590E+07    0.83367E-09    0.44647E-10   -0.12468E-09    0.17685E-08   -0.44489E-06   -0.25105E-08
    0.63600E+07    0.94095E-09    0.55341E-10   -0.12718E-09    0.17800E-08   -0.50591E-06   -0.24700E-08
    0.63629E+07    0.12815E-08    0.93334E-10   -0.13442E-09    0.18086E-08   -0.69741E-06   -0.23361E-08
    0.63658E+07    0.16685E-08    0.14221E-09   -0.14163E-09    0.18295E-08   -0.91195E-06   -0.21766E-08
    0.63658E+07    0.27329E-09    0.41680E-10   -0.17527E-10    0.23469E-09   -0.17401E-06   -0.47741E-08
    0.63660E+07    0.29254E-09    0.47564E-10   -0.17587E-10    0.21722E-09   -0.18660E-06   -0.47852E-08
    0.63660E+07    0.00000E+00    0.12496E-09   -0.00000E+00    0.26042E-10    0.18608E-07   -0.32942E-08
    0.63710E+07    0.00000E+00    0.21569E-12    0.00000E+00   -0.21569E-12   -0.32354E-09   -0.34998E-08
