    0.10000E+01    0.00000E+00    0.00000E+00    0.00000E+00    0.00000E+00    0.00000E+00   -0.40814E-26
    0.20000E+05    0.00000E+00    0.00000E+00    0.00000E+00    0.00000E+00    0.00000E+00   -0.16325E-17
    0.40000E+05    0.00000E+00    0.00000E+00    0.00000E+00    0.00000E+00    0.00000E+00   -0.65302E-17
    0.60000E+05    0.00000E+00    0.00000E+00    0.00000E+00    0.00000E+00    0.00000E+00   -0.14693E-16
    0.80000E+05    0.00000E+00    0.00000E+00    0.00000E+00    0.00000E+00    0.00000E+00   -0.26121E-16
    0.10000E+06    0.00000E+00    0.00000E+00    0.00000E+00    0.00000E+00    0.00000E+00   -0.40814E-16
    0.12000E+06    0.00000E+00    0.00000E+00    0.00000E+00    0.00000E+00    0.00000E+00   -0.58772E-16
    0.14000E+06    0.00000E+00    0.00000E+00    0.00000E+00    0.00000E+00    0.00000E+00   -0.79995E-16
    0.16000E+06    0.00000E+00    0.00000E+00    0.00000E+00    0.00000E+00    0.00000E+00   -0.10448E-15
    0.18000E+06    0.00000E+00    0.00000E+00    0.00000E+00    0.00000E+00    0.00000E+00   -0.13224E-15
    0.20000E+06    0.00000E+00    0.00000E+00    0.00000E+00    0.00000E+00    0.00000E+00   -0.16325E-15
    0.22000E+06    0.00000E+00    0.00000E+00    0.00000E+00    0.00000E+00    0.00000E+00   -0.19754E-15
    0.24000E+06    0.00000E+00    0.00000E+00    0.00000E+00    0.00000E+00    0.00000E+00   -0.23509E-15
    0.26000E+06    0.00000E+00    0.00000E+00    0.00000E+00    0.00000E+00    0.00000E+00   -0.27590E-15
    0.28000E+06    0.00000E+00    0.00000E+00    0.00000E+00    0.00000E+00    0.00000E+00   -0.31998E-15
    0.30000E+06    0.00000E+00    0.00000E+00    0.00000E+00    0.00000E+00    0.00000E+00   -0.36732E-15
    0.32000E+06    0.00000E+00    0.00000E+00    0.00000E+00    0.00000E+00    0.00000E+00   -0.41793E-15
    0.34000E+06    0.00000E+00    0.00000E+00    0.00000E+00    0.00000E+00    0.00000E+00   -0.47181E-15
    0.36000E+06    0.00000E+00    0.00000E+00    0.00000E+00    0.00000E+00    0.00000E+00   -0.52895E-15
    0.38000E+06    0.00000E+00    0.00000E+00    0.00000E+00    0.00000E+00    0.00000E+00   -0.58935E-15
    0.40000E+06    0.00000E+00    0.00000E+00    0.00000E+00    0.00000E+00    0.00000E+00   -0.65302E-15
    0.42000E+06    0.00000E+00    0.00000E+00    0.00000E+00    0.00000E+00    0.00000E+00   -0.71995E-15
    0.44000E+06    0.00000E+00    0.00000E+00    0.00000E+00    0.00000E+00    0.00000E+00   -0.79015E-15
    0.46000E+06    0.00000E+00    0.00000E+00    0.00000E+00    0.00000E+00    0.00000E+00   -0.86362E-15
    0.48000E+06    0.00000E+00    0.00000E+00    0.00000E+00    0.00000E+00    0.00000E+00   -0.94035E-15
    0.50000E+06    0.00000E+00    0.00000E+00    0.00000E+00    0.00000E+00    0.00000E+00   -0.10203E-14
    0.52000E+06    0.00000E+00    0.00000E+00    0.00000E+00    0.00000E+00    0.00000E+00   -0.11036E-14
    0.54000E+06    0.00000E+00    0.00000E+00    0.00000E+00    0.00000E+00    0.00000E+00   -0.11901E-14
    0.56000E+06    0.00000E+00    0.00000E+00    0.00000E+00    0.00000E+00    0.00000E+00   -0.12799E-14
    0.58000E+06    0.00000E+00    0.00000E+00    0.00000E+00    0.00000E+00    0.00000E+00   -0.13730E-14
    0.60000E+06    0.00000E+00    0.00000E+00    0.00000E+00    0.00000E+00    0.00000E+00   -0.14693E-14
    0.62000E+06    0.00000E+00    0.00000E+00    0.00000E+00    0.00000E+00    0.00000E+00   -0.15689E-14
    0.64000E+06    0.00000E+00    0.00000E+00    0.00000E+00    0.00000E+00    0.00000E+00   -0.16717E-14
    0.66000E+06    0.00000E+00    0.00000E+00    0.00000E+00    0.00000E+00    0.00000E+00   -0.17778E-14
    0.68000E+06    0.00000E+00    0.00000E+00    0.00000E+00    0.00000E+00    0.00000E+00   -0.18872E-14
    0.70000E+06    0.00000E+00    0.00000E+00    0.00000E+00    0.00000E+00    0.00000E+00   -0.19999E-14
    0.72000E+06    0.00000E+00    0.00000E+00    0.00000E+00    0.00000E+00    0.00000E+00   -0.21158E-14
    0.74000E+06    0.00000E+00    0.00000E+00    0.00000E+00    0.00000E+00    0.00000E+00   -0.22350E-14
    0.76000E+06    0.00000E+00    0.00000E+00    0.00000E+00    0.00000E+00    0.00000E+00   -0.23574E-14
    0.78000E+06    0.00000E+00    0.00000E+00    0.00000E+00    0.00000E+00    0.00000E+00   -0.24831E-14
    0.80000E+06    0.00000E+00    0.00000E+00    0.00000E+00    0.00000E+00    0.00000E+00   -0.26121E-14
    0.82000E+06    0.00000E+00    0.00000E+00    0.00000E+00    0.00000E+00    0.00000E+00   -0.27443E-14
    0.84000E+06    0.00000E+00    0.00000E+00    0.00000E+00    0.00000E+00    0.00000E+00   -0.28798E-14
    0.86000E+06    0.00000E+00    0.00000E+00    0.00000E+00    0.00000E+00    0.00000E+00   -0.30186E-14
    0.88000E+06    0.00000E+00    0.00000E+00    0.00000E+00    0.00000E+00    0.00000E+00   -0.31606E-14
    0.90000E+06    0.00000E+00    0.00000E+00    0.00000E+00    0.00000E+00    0.00000E+00   -0.33059E-14
    0.92000E+06    0.00000E+00    0.00000E+00    0.00000E+00    0.00000E+00    0.00000E+00   -0.34545E-14
    0.94000E+06    0.00000E+00    0.00000E+00    0.00000E+00    0.00000E+00    0.00000E+00   -0.36063E-14
    0.96000E+06    0.00000E+00    0.00000E+00    0.00000E+00    0.00000E+00    0.00000E+00   -0.37614E-14
    0.98000E+06    0.00000E+00    0.00000E+00    0.00000E+00    0.00000E+00    0.00000E+00   -0.39197E-14
    0.10000E+07    0.00000E+00    0.00000E+00    0.00000E+00    0.00000E+00    0.00000E+00   -0.40814E-14
    0.10200E+07    0.00000E+00    0.00000E+00    0.00000E+00    0.00000E+00    0.00000E+00   -0.42463E-14
    0.10400E+07    0.00000E+00    0.00000E+00    0.00000E+00    0.00000E+00    0.00000E+00   -0.44144E-14
    0.10600E+07    0.00000E+00    0.00000E+00    0.00000E+00    0.00000E+00    0.00000E+00   -0.45858E-14
    0.10800E+07    0.00000E+00    0.00000E+00    0.00000E+00    0.00000E+00    0.00000E+00   -0.47605E-14
    0.11000E+07    0.00000E+00    0.00000E+00    0.00000E+00    0.00000E+00    0.00000E+00   -0.49385E-14
    0.11200E+07    0.00000E+00    0.00000E+00    0.00000E+00    0.00000E+00    0.00000E+00   -0.51197E-14
    0.11400E+07    0.00000E+00    0.00000E+00    0.00000E+00    0.00000E+00    0.00000E+00   -0.53041E-14
    0.11600E+07    0.00000E+00    0.00000E+00    0.00000E+00    0.00000E+00    0.00000E+00   -0.54919E-14
    0.11800E+07    0.00000E+00    0.00000E+00    0.00000E+00    0.00000E+00    0.00000E+00   -0.56829E-14
    0.12000E+07    0.00000E+00    0.00000E+00    0.00000E+00    0.00000E+00    0.00000E+00   -0.58772E-14
    0.12200E+07    0.00000E+00    0.00000E+00    0.00000E+00    0.00000E+00    0.00000E+00   -0.60747E-14
    0.12215E+07    0.00000E+00    0.00000E+00    0.00000E+00    0.00000E+00    0.00000E+00   -0.60897E-14
    0.12215E+07    0.00000E+00    0.00000E+00    0.00000E+00    0.00000E+00    0.00000E+00   -0.60897E-14
    0.12400E+07    0.00000E+00    0.00000E+00    0.00000E+00    0.00000E+00    0.00000E+00   -0.62755E-14
    0.12600E+07    0.00000E+00    0.00000E+00    0.00000E+00    0.00000E+00    0.00000E+00   -0.64796E-14
    0.12800E+07    0.00000E+00    0.00000E+00    0.00000E+00    0.00000E+00    0.00000E+00   -0.66869E-14
    0.13000E+07    0.00000E+00    0.00000E+00    0.00000E+00    0.00000E+00    0.00000E+00   -0.68975E-14
    0.13200E+07    0.00000E+00    0.00000E+00    0.00000E+00    0.00000E+00    0.00000E+00   -0.71114E-14
    0.13400E+07    0.00000E+00    0.00000E+00    0.00000E+00    0.00000E+00    0.00000E+00   -0.73285E-14
    0.13600E+07    0.00000E+00    0.00000E+00    0.00000E+00    0.00000E+00    0.00000E+00   -0.75489E-14
    0.13800E+07    0.00000E+00    0.00000E+00    0.00000E+00    0.00000E+00    0.00000E+00   -0.77726E-14
    0.14000E+07    0.00000E+00    0.00000E+00    0.00000E+00    0.00000E+00    0.00000E+00   -0.79995E-14
    0.14200E+07    0.00000E+00    0.00000E+00    0.00000E+00    0.00000E+00    0.00000E+00   -0.82297E-14
    0.14400E+07    0.00000E+00    0.00000E+00    0.00000E+00    0.00000E+00    0.00000E+00   -0.84631E-14
    0.14600E+07    0.00000E+00    0.00000E+00    0.00000E+00    0.00000E+00    0.00000E+00   -0.86998E-14
    0.14800E+07    0.00000E+00    0.00000E+00    0.00000E+00    0.00000E+00    0.00000E+00   -0.89398E-14
    0.15000E+07    0.00000E+00    0.00000E+00    0.00000E+00    0.00000E+00    0.00000E+00   -0.91831E-14
    0.15200E+07    0.00000E+00    0.00000E+00    0.00000E+00    0.00000E+00    0.00000E+00   -0.94296E-14
    0.15400E+07    0.00000E+00    0.00000E+00    0.00000E+00    0.00000E+00    0.00000E+00   -0.96794E-14
    0.15600E+07    0.00000E+00    0.00000E+00    0.00000E+00    0.00000E+00    0.00000E+00   -0.99324E-14
    0.15800E+07    0.00000E+00    0.00000E+00    0.00000E+00    0.00000E+00    0.00000E+00   -0.10189E-13
    0.16000E+07    0.00000E+00    0.00000E+00    0.00000E+00    0.00000E+00    0.00000E+00   -0.10448E-13
    0.16200E+07    0.00000E+00    0.00000E+00    0.00000E+00    0.00000E+00    0.00000E+00   -0.10711E-13
    0.16400E+07    0.00000E+00    0.00000E+00    0.00000E+00    0.00000E+00    0.00000E+00   -0.10977E-13
    0.16600E+07    0.00000E+00    0.00000E+00    0.00000E+00    0.00000E+00    0.00000E+00   -0.11247E-13
    0.16800E+07    0.00000E+00    0.00000E+00    0.00000E+00    0.00000E+00    0.00000E+00   -0.11519E-13
    0.17000E+07    0.00000E+00    0.00000E+00    0.00000E+00    0.00000E+00    0.00000E+00   -0.11795E-13
    0.17200E+07    0.00000E+00    0.00000E+00    0.00000E+00    0.00000E+00    0.00000E+00   -0.12074E-13
    0.17400E+07    0.00000E+00    0.00000E+00    0.00000E+00    0.00000E+00    0.00000E+00   -0.12357E-13
    0.17600E+07    0.00000E+00    0.00000E+00    0.00000E+00    0.00000E+00    0.00000E+00   -0.12642E-13
    0.17800E+07    0.00000E+00    0.00000E+00    0.00000E+00    0.00000E+00    0.00000E+00   -0.12931E-13
    0.18000E+07    0.00000E+00    0.00000E+00    0.00000E+00    0.00000E+00    0.00000E+00   -0.13224E-13
    0.18200E+07    0.00000E+00    0.00000E+00    0.00000E+00    0.00000E+00    0.00000E+00   -0.13519E-13
    0.18400E+07    0.00000E+00    0.00000E+00    0.00000E+00    0.00000E+00    0.00000E+00   -0.13818E-13
    0.18600E+07    0.00000E+00    0.00000E+00    0.00000E+00    0.00000E+00    0.00000E+00   -0.14120E-13
    0.18800E+07    0.00000E+00    0.00000E+00    0.00000E+00    0.00000E+00    0.00000E+00   -0.14425E-13
    0.19000E+07    0.00000E+00    0.00000E+00    0.00000E+00    0.00000E+00    0.00000E+00   -0.14734E-13
    0.19200E+07    0.00000E+00    0.00000E+00    0.00000E+00    0.00000E+00    0.00000E+00   -0.15046E-13
    0.19400E+07    0.00000E+00    0.00000E+00    0.00000E+00    0.00000E+00    0.00000E+00   -0.15361E-13
    0.19600E+07    0.00000E+00    0.00000E+00    0.00000E+00    0.00000E+00    0.00000E+00   -0.15679E-13
    0.19800E+07    0.00000E+00    0.00000E+00    0.00000E+00    0.00000E+00    0.00000E+00   -0.16001E-13
    0.20000E+07    0.00000E+00    0.00000E+00    0.00000E+00    0.00000E+00    0.00000E+00   -0.16325E-13
    0.20200E+07    0.00000E+00    0.00000E+00    0.00000E+00    0.00000E+00    0.00000E+00   -0.16654E-13
    0.20400E+07    0.00000E+00    0.00000E+00    0.00000E+00    0.00000E+00    0.00000E+00   -0.16985E-13
    0.20600E+07    0.00000E+00    0.00000E+00    0.00000E+00    0.00000E+00    0.00000E+00   -0.17320E-13
    0.20800E+07    0.00000E+00    0.00000E+00    0.00000E+00    0.00000E+00    0.00000E+00   -0.17658E-13
    0.21000E+07    0.00000E+00    0.00000E+00    0.00000E+00    0.00000E+00    0.00000E+00   -0.17999E-13
    0.21200E+07    0.00000E+00    0.00000E+00    0.00000E+00    0.00000E+00    0.00000E+00   -0.18343E-13
    0.21400E+07    0.00000E+00    0.00000E+00    0.00000E+00    0.00000E+00    0.00000E+00   -0.18691E-13
    0.21600E+07    0.00000E+00    0.00000E+00    0.00000E+00    0.00000E+00    0.00000E+00   -0.19042E-13
    0.21800E+07    0.00000E+00    0.00000E+00    0.00000E+00    0.00000E+00    0.00000E+00   -0.19396E-13
    0.22000E+07    0.00000E+00    0.00000E+00    0.00000E+00    0.00000E+00    0.00000E+00   -0.19754E-13
    0.22200E+07    0.00000E+00    0.00000E+00    0.00000E+00    0.00000E+00    0.00000E+00   -0.20115E-13
    0.22400E+07    0.00000E+00    0.00000E+00    0.00000E+00    0.00000E+00    0.00000E+00   -0.20479E-13
    0.22600E+07    0.00000E+00    0.00000E+00    0.00000E+00    0.00000E+00    0.00000E+00   -0.20846E-13
    0.22800E+07    0.00000E+00    0.00000E+00    0.00000E+00    0.00000E+00    0.00000E+00   -0.21217E-13
    0.23000E+07    0.00000E+00    0.00000E+00    0.00000E+00    0.00000E+00    0.00000E+00   -0.21590E-13
    0.23200E+07    0.00000E+00    0.00000E+00    0.00000E+00    0.00000E+00    0.00000E+00   -0.21968E-13
    0.23400E+07    0.00000E+00    0.00000E+00    0.00000E+00    0.00000E+00    0.00000E+00   -0.22348E-13
    0.23600E+07    0.00000E+00    0.00000E+00    0.00000E+00    0.00000E+00    0.00000E+00   -0.22732E-13
    0.23800E+07    0.00000E+00    0.00000E+00    0.00000E+00    0.00000E+00    0.00000E+00   -0.23119E-13
    0.24000E+07    0.00000E+00    0.00000E+00    0.00000E+00    0.00000E+00    0.00000E+00   -0.23509E-13
    0.24200E+07    0.00000E+00    0.00000E+00    0.00000E+00    0.00000E+00    0.00000E+00   -0.23902E-13
    0.24400E+07    0.00000E+00    0.00000E+00    0.00000E+00    0.00000E+00    0.00000E+00   -0.24299E-13
    0.24600E+07    0.00000E+00    0.00000E+00    0.00000E+00    0.00000E+00    0.00000E+00   -0.24699E-13
    0.24800E+07    0.00000E+00    0.00000E+00    0.00000E+00    0.00000E+00    0.00000E+00   -0.25102E-13
    0.25000E+07    0.00000E+00    0.00000E+00    0.00000E+00    0.00000E+00    0.00000E+00   -0.25509E-13
    0.25200E+07    0.00000E+00    0.00000E+00    0.00000E+00    0.00000E+00    0.00000E+00   -0.25918E-13
    0.25400E+07    0.00000E+00    0.00000E+00    0.00000E+00    0.00000E+00    0.00000E+00   -0.26331E-13
    0.25600E+07    0.00000E+00    0.00000E+00    0.00000E+00    0.00000E+00    0.00000E+00   -0.26748E-13
    0.25800E+07    0.00000E+00    0.00000E+00    0.00000E+00    0.00000E+00    0.00000E+00   -0.27167E-13
    0.26000E+07    0.00000E+00    0.00000E+00    0.00000E+00    0.00000E+00    0.00000E+00   -0.27590E-13
    0.26200E+07    0.00000E+00    0.00000E+00    0.00000E+00    0.00000E+00    0.00000E+00   -0.28016E-13
    0.26400E+07    0.00000E+00    0.00000E+00    0.00000E+00    0.00000E+00    0.00000E+00   -0.28446E-13
    0.26600E+07    0.00000E+00    0.00000E+00    0.00000E+00    0.00000E+00    0.00000E+00   -0.28878E-13
    0.26800E+07    0.00000E+00    0.00000E+00    0.00000E+00    0.00000E+00    0.00000E+00   -0.29314E-13
    0.27000E+07    0.00000E+00    0.00000E+00    0.00000E+00    0.00000E+00    0.00000E+00   -0.29753E-13
    0.27200E+07    0.00000E+00    0.00000E+00    0.00000E+00    0.00000E+00    0.00000E+00   -0.30196E-13
    0.27400E+07    0.00000E+00    0.00000E+00    0.00000E+00    0.00000E+00    0.00000E+00   -0.30641E-13
    0.27600E+07    0.00000E+00    0.00000E+00    0.00000E+00    0.00000E+00    0.00000E+00   -0.31090E-13
    0.27800E+07    0.00000E+00    0.00000E+00    0.00000E+00    0.00000E+00    0.00000E+00   -0.31542E-13
    0.28000E+07    0.00000E+00    0.00000E+00    0.00000E+00    0.00000E+00    0.00000E+00   -0.31998E-13
    0.28200E+07    0.00000E+00    0.00000E+00    0.00000E+00    0.00000E+00    0.00000E+00   -0.32457E-13
    0.28400E+07    0.00000E+00    0.00000E+00    0.00000E+00    0.00000E+00    0.00000E+00   -0.32919E-13
    0.28600E+07    0.00000E+00    0.00000E+00    0.00000E+00    0.00000E+00    0.00000E+00   -0.33384E-13
    0.28800E+07    0.00000E+00    0.00000E+00    0.00000E+00    0.00000E+00    0.00000E+00   -0.33853E-13
    0.29000E+07    0.00000E+00    0.00000E+00    0.00000E+00    0.00000E+00    0.00000E+00   -0.34324E-13
    0.29200E+07    0.00000E+00    0.00000E+00    0.00000E+00    0.00000E+00    0.00000E+00   -0.34799E-13
    0.29400E+07    0.00000E+00    0.00000E+00    0.00000E+00    0.00000E+00    0.00000E+00   -0.35278E-13
    0.29600E+07    0.00000E+00    0.00000E+00    0.00000E+00    0.00000E+00    0.00000E+00   -0.35759E-13
    0.29800E+07    0.00000E+00    0.00000E+00    0.00000E+00    0.00000E+00    0.00000E+00   -0.36244E-13
    0.30000E+07    0.00000E+00    0.00000E+00    0.00000E+00    0.00000E+00    0.00000E+00   -0.36732E-13
    0.30200E+07    0.00000E+00    0.00000E+00    0.00000E+00    0.00000E+00    0.00000E+00   -0.37224E-13
    0.30400E+07    0.00000E+00    0.00000E+00    0.00000E+00    0.00000E+00    0.00000E+00   -0.37718E-13
    0.30600E+07    0.00000E+00    0.00000E+00    0.00000E+00    0.00000E+00    0.00000E+00   -0.38216E-13
    0.30800E+07    0.00000E+00    0.00000E+00    0.00000E+00    0.00000E+00    0.00000E+00   -0.38717E-13
    0.31000E+07    0.00000E+00    0.00000E+00    0.00000E+00    0.00000E+00    0.00000E+00   -0.39222E-13
    0.31200E+07    0.00000E+00    0.00000E+00    0.00000E+00    0.00000E+00    0.00000E+00   -0.39730E-13
    0.31400E+07    0.00000E+00    0.00000E+00    0.00000E+00    0.00000E+00    0.00000E+00   -0.40241E-13
    0.31600E+07    0.00000E+00    0.00000E+00    0.00000E+00    0.00000E+00    0.00000E+00   -0.40755E-13
    0.31800E+07    0.00000E+00    0.00000E+00    0.00000E+00    0.00000E+00    0.00000E+00   -0.41272E-13
    0.32000E+07    0.00000E+00    0.00000E+00    0.00000E+00    0.00000E+00    0.00000E+00   -0.41793E-13
    0.32200E+07    0.00000E+00    0.00000E+00    0.00000E+00    0.00000E+00    0.00000E+00   -0.42317E-13
    0.32400E+07    0.00000E+00    0.00000E+00    0.00000E+00    0.00000E+00    0.00000E+00   -0.42845E-13
    0.32600E+07    0.00000E+00    0.00000E+00    0.00000E+00    0.00000E+00    0.00000E+00   -0.43375E-13
    0.32800E+07    0.00000E+00    0.00000E+00    0.00000E+00    0.00000E+00    0.00000E+00   -0.43909E-13
    0.33000E+07    0.00000E+00    0.00000E+00    0.00000E+00    0.00000E+00    0.00000E+00   -0.44446E-13
    0.33200E+07    0.00000E+00    0.00000E+00    0.00000E+00    0.00000E+00    0.00000E+00   -0.44986E-13
    0.33400E+07    0.00000E+00    0.00000E+00    0.00000E+00    0.00000E+00    0.00000E+00   -0.45530E-13
    0.33600E+07    0.00000E+00    0.00000E+00    0.00000E+00    0.00000E+00    0.00000E+00   -0.46077E-13
    0.33800E+07    0.00000E+00    0.00000E+00    0.00000E+00    0.00000E+00    0.00000E+00   -0.46627E-13
    0.34000E+07    0.00000E+00    0.00000E+00    0.00000E+00    0.00000E+00    0.00000E+00   -0.47181E-13
    0.34200E+07    0.00000E+00    0.00000E+00    0.00000E+00    0.00000E+00    0.00000E+00   -0.47737E-13
    0.34400E+07    0.00000E+00    0.00000E+00    0.00000E+00    0.00000E+00    0.00000E+00   -0.48297E-13
    0.34600E+07    0.00000E+00    0.00000E+00    0.00000E+00    0.00000E+00    0.00000E+00   -0.48861E-13
    0.34800E+07    0.00000E+00    0.00000E+00    0.00000E+00    0.00000E+00    0.00000E+00   -0.49427E-13
    0.34800E+07    0.00000E+00    0.00000E+00    0.00000E+00    0.00000E+00    0.00000E+00   -0.49427E-13
    0.34850E+07    0.00000E+00    0.00000E+00    0.00000E+00    0.00000E+00    0.00000E+00   -0.49569E-13
    0.34900E+07    0.00000E+00    0.00000E+00    0.00000E+00    0.00000E+00    0.00000E+00   -0.49711E-13
    0.34950E+07    0.00000E+00    0.00000E+00    0.00000E+00    0.00000E+00    0.00000E+00   -0.49854E-13
    0.35000E+07    0.00000E+00    0.00000E+00    0.00000E+00    0.00000E+00    0.00000E+00   -0.49997E-13
    0.35050E+07    0.00000E+00    0.00000E+00    0.00000E+00    0.00000E+00    0.00000E+00   -0.50140E-13
    0.35100E+07    0.00000E+00    0.00000E+00    0.00000E+00    0.00000E+00    0.00000E+00   -0.50283E-13
    0.35150E+07    0.00000E+00    0.00000E+00    0.00000E+00    0.00000E+00    0.00000E+00   -0.50426E-13
    0.35200E+07    0.00000E+00    0.00000E+00    0.00000E+00    0.00000E+00    0.00000E+00   -0.50570E-13
    0.35250E+07    0.00000E+00    0.00000E+00    0.00000E+00    0.00000E+00    0.00000E+00   -0.50714E-13
    0.35300E+07    0.00000E+00    0.00000E+00    0.00000E+00    0.00000E+00    0.00000E+00   -0.50858E-13
    0.35350E+07    0.00000E+00    0.00000E+00    0.00000E+00    0.00000E+00    0.00000E+00   -0.51002E-13
    0.35400E+07    0.00000E+00    0.00000E+00    0.00000E+00    0.00000E+00    0.00000E+00   -0.51146E-13
    0.35450E+07    0.00000E+00    0.00000E+00    0.00000E+00    0.00000E+00    0.00000E+00   -0.51291E-13
    0.35500E+07    0.00000E+00    0.00000E+00    0.00000E+00    0.00000E+00    0.00000E+00   -0.51435E-13
    0.35550E+07    0.00000E+00    0.00000E+00    0.00000E+00    0.00000E+00    0.00000E+00   -0.51580E-13
    0.35600E+07    0.00000E+00    0.00000E+00    0.00000E+00    0.00000E+00    0.00000E+00   -0.51726E-13
    0.35650E+07    0.00000E+00    0.00000E+00    0.00000E+00    0.00000E+00    0.00000E+00   -0.51871E-13
    0.35700E+07    0.00000E+00    0.00000E+00    0.00000E+00    0.00000E+00    0.00000E+00   -0.52017E-13
    0.35750E+07    0.00000E+00    0.00000E+00    0.00000E+00    0.00000E+00    0.00000E+00   -0.52162E-13
    0.35800E+07    0.00000E+00    0.00000E+00    0.00000E+00    0.00000E+00    0.00000E+00   -0.52308E-13
    0.35850E+07    0.00000E+00    0.00000E+00    0.00000E+00    0.00000E+00    0.00000E+00   -0.52455E-13
    0.35900E+07    0.00000E+00    0.00000E+00    0.00000E+00    0.00000E+00    0.00000E+00   -0.52601E-13
    0.35950E+07    0.00000E+00    0.00000E+00    0.00000E+00    0.00000E+00    0.00000E+00   -0.52748E-13
    0.36000E+07    0.00000E+00    0.00000E+00    0.00000E+00    0.00000E+00    0.00000E+00   -0.52895E-13
    0.36050E+07    0.00000E+00    0.00000E+00    0.00000E+00    0.00000E+00    0.00000E+00   -0.53042E-13
    0.36100E+07    0.00000E+00    0.00000E+00    0.00000E+00    0.00000E+00    0.00000E+00   -0.53189E-13
    0.36150E+07    0.00000E+00    0.00000E+00    0.00000E+00    0.00000E+00    0.00000E+00   -0.53336E-13
    0.36200E+07    0.00000E+00    0.00000E+00    0.00000E+00    0.00000E+00    0.00000E+00   -0.53484E-13
    0.36250E+07    0.00000E+00    0.00000E+00    0.00000E+00    0.00000E+00    0.00000E+00   -0.53632E-13
    0.36300E+07    0.00000E+00    0.00000E+00    0.00000E+00    0.00000E+00    0.00000E+00   -0.53780E-13
    0.36300E+07    0.00000E+00    0.00000E+00    0.00000E+00    0.00000E+00    0.00000E+00   -0.53780E-13
    0.36350E+07    0.00000E+00    0.00000E+00    0.00000E+00    0.00000E+00    0.00000E+00   -0.53928E-13
    0.36400E+07    0.00000E+00    0.00000E+00    0.00000E+00    0.00000E+00    0.00000E+00   -0.54077E-13
    0.36450E+07    0.00000E+00    0.00000E+00    0.00000E+00    0.00000E+00    0.00000E+00   -0.54225E-13
    0.36500E+07    0.00000E+00    0.00000E+00    0.00000E+00    0.00000E+00    0.00000E+00   -0.54374E-13
    0.36550E+07    0.00000E+00    0.00000E+00    0.00000E+00    0.00000E+00    0.00000E+00   -0.54523E-13
    0.36600E+07    0.00000E+00    0.00000E+00    0.00000E+00    0.00000E+00    0.00000E+00   -0.54672E-13
    0.36650E+07    0.00000E+00    0.00000E+00    0.00000E+00    0.00000E+00    0.00000E+00   -0.54822E-13
    0.36700E+07    0.00000E+00    0.00000E+00    0.00000E+00    0.00000E+00    0.00000E+00   -0.54972E-13
    0.36750E+07    0.00000E+00    0.00000E+00    0.00000E+00    0.00000E+00    0.00000E+00   -0.55121E-13
    0.36800E+07    0.00000E+00    0.00000E+00    0.00000E+00    0.00000E+00    0.00000E+00   -0.55272E-13
    0.36850E+07    0.00000E+00    0.00000E+00    0.00000E+00    0.00000E+00    0.00000E+00   -0.55422E-13
    0.36900E+07    0.00000E+00    0.00000E+00    0.00000E+00    0.00000E+00    0.00000E+00   -0.55572E-13
    0.36950E+07    0.00000E+00    0.00000E+00    0.00000E+00    0.00000E+00    0.00000E+00   -0.55723E-13
    0.37000E+07    0.00000E+00    0.00000E+00    0.00000E+00    0.00000E+00    0.00000E+00   -0.55874E-13
    0.37050E+07    0.00000E+00    0.00000E+00    0.00000E+00    0.00000E+00    0.00000E+00   -0.56025E-13
    0.37100E+07    0.00000E+00    0.00000E+00    0.00000E+00    0.00000E+00    0.00000E+00   -0.56176E-13
    0.37150E+07    0.00000E+00    0.00000E+00    0.00000E+00    0.00000E+00    0.00000E+00   -0.56328E-13
    0.37200E+07    0.00000E+00    0.00000E+00    0.00000E+00    0.00000E+00    0.00000E+00   -0.56480E-13
    0.37250E+07    0.00000E+00    0.00000E+00    0.00000E+00    0.00000E+00    0.00000E+00   -0.56632E-13
    0.37300E+07    0.00000E+00    0.00000E+00    0.00000E+00    0.00000E+00    0.00000E+00   -0.56784E-13
    0.37350E+07    0.00000E+00    0.00000E+00    0.00000E+00    0.00000E+00    0.00000E+00   -0.56936E-13
    0.37400E+07    0.00000E+00    0.00000E+00    0.00000E+00    0.00000E+00    0.00000E+00   -0.57089E-13
    0.37450E+07    0.00000E+00    0.00000E+00    0.00000E+00    0.00000E+00    0.00000E+00   -0.57241E-13
    0.37500E+07    0.00000E+00    0.00000E+00    0.00000E+00    0.00000E+00    0.00000E+00   -0.57394E-13
    0.37550E+07    0.00000E+00    0.00000E+00    0.00000E+00    0.00000E+00    0.00000E+00   -0.57547E-13
    0.37600E+07    0.00000E+00    0.00000E+00    0.00000E+00    0.00000E+00    0.00000E+00   -0.57701E-13
    0.37650E+07    0.00000E+00    0.00000E+00    0.00000E+00    0.00000E+00    0.00000E+00   -0.57854E-13
    0.37700E+07    0.00000E+00    0.00000E+00    0.00000E+00    0.00000E+00    0.00000E+00   -0.58008E-13
    0.37750E+07    0.00000E+00    0.00000E+00    0.00000E+00    0.00000E+00    0.00000E+00   -0.58162E-13
    0.37800E+07    0.00000E+00    0.00000E+00    0.00000E+00    0.00000E+00    0.00000E+00   -0.58316E-13
    0.37850E+07    0.00000E+00    0.00000E+00    0.00000E+00    0.00000E+00    0.00000E+00   -0.58471E-13
    0.37900E+07    0.00000E+00    0.00000E+00    0.00000E+00    0.00000E+00    0.00000E+00   -0.58625E-13
    0.37950E+07    0.00000E+00    0.00000E+00    0.00000E+00    0.00000E+00    0.00000E+00   -0.58780E-13
    0.38000E+07    0.00000E+00    0.00000E+00    0.00000E+00    0.00000E+00    0.00000E+00   -0.58935E-13
    0.38050E+07    0.00000E+00    0.00000E+00    0.00000E+00    0.00000E+00    0.00000E+00   -0.59090E-13
    0.38100E+07    0.00000E+00    0.00000E+00    0.00000E+00    0.00000E+00    0.00000E+00   -0.59246E-13
    0.38150E+07    0.00000E+00    0.00000E+00    0.00000E+00    0.00000E+00    0.00000E+00   -0.59401E-13
    0.38200E+07    0.00000E+00    0.00000E+00    0.00000E+00    0.00000E+00    0.00000E+00   -0.59557E-13
    0.38250E+07    0.00000E+00    0.00000E+00    0.00000E+00    0.00000E+00    0.00000E+00   -0.59713E-13
    0.38300E+07    0.00000E+00    0.00000E+00    0.00000E+00    0.00000E+00    0.00000E+00   -0.59869E-13
    0.38350E+07    0.00000E+00    0.00000E+00    0.00000E+00    0.00000E+00    0.00000E+00   -0.60026E-13
    0.38400E+07    0.00000E+00    0.00000E+00    0.00000E+00    0.00000E+00    0.00000E+00   -0.60182E-13
    0.38450E+07    0.00000E+00    0.00000E+00    0.00000E+00    0.00000E+00    0.00000E+00   -0.60339E-13
    0.38500E+07    0.00000E+00    0.00000E+00    0.00000E+00    0.00000E+00    0.00000E+00   -0.60496E-13
    0.38550E+07    0.00000E+00    0.00000E+00    0.00000E+00    0.00000E+00    0.00000E+00   -0.60653E-13
    0.38600E+07    0.00000E+00    0.00000E+00    0.00000E+00    0.00000E+00    0.00000E+00   -0.60811E-13
    0.38650E+07    0.00000E+00    0.00000E+00    0.00000E+00    0.00000E+00    0.00000E+00   -0.60968E-13
    0.38700E+07    0.00000E+00    0.00000E+00    0.00000E+00    0.00000E+00    0.00000E+00   -0.61126E-13
    0.38750E+07    0.00000E+00    0.00000E+00    0.00000E+00    0.00000E+00    0.00000E+00   -0.61284E-13
    0.38800E+07    0.00000E+00    0.00000E+00    0.00000E+00    0.00000E+00    0.00000E+00   -0.61443E-13
    0.38850E+07    0.00000E+00    0.00000E+00    0.00000E+00    0.00000E+00    0.00000E+00   -0.61601E-13
    0.38900E+07    0.00000E+00    0.00000E+00    0.00000E+00    0.00000E+00    0.00000E+00   -0.61760E-13
    0.38950E+07    0.00000E+00    0.00000E+00    0.00000E+00    0.00000E+00    0.00000E+00   -0.61919E-13
    0.39000E+07    0.00000E+00    0.00000E+00    0.00000E+00    0.00000E+00    0.00000E+00   -0.62078E-13
    0.39050E+07    0.00000E+00    0.00000E+00    0.00000E+00    0.00000E+00    0.00000E+00   -0.62237E-13
    0.39100E+07    0.00000E+00    0.00000E+00    0.00000E+00    0.00000E+00    0.00000E+00   -0.62396E-13
    0.39150E+07    0.00000E+00    0.00000E+00    0.00000E+00    0.00000E+00    0.00000E+00   -0.62556E-13
    0.39200E+07    0.00000E+00    0.00000E+00    0.00000E+00    0.00000E+00    0.00000E+00   -0.62716E-13
    0.39250E+07    0.00000E+00    0.00000E+00    0.00000E+00    0.00000E+00    0.00000E+00   -0.62876E-13
    0.39300E+07    0.00000E+00    0.00000E+00    0.00000E+00    0.00000E+00    0.00000E+00   -0.63036E-13
    0.39350E+07    0.00000E+00    0.00000E+00    0.00000E+00    0.00000E+00    0.00000E+00   -0.63197E-13
    0.39400E+07    0.00000E+00    0.00000E+00    0.00000E+00    0.00000E+00    0.00000E+00   -0.63358E-13
    0.39450E+07    0.00000E+00    0.00000E+00    0.00000E+00    0.00000E+00    0.00000E+00   -0.63518E-13
    0.39500E+07    0.00000E+00    0.00000E+00    0.00000E+00    0.00000E+00    0.00000E+00   -0.63680E-13
    0.39550E+07    0.00000E+00    0.00000E+00    0.00000E+00    0.00000E+00    0.00000E+00   -0.63841E-13
    0.39600E+07    0.00000E+00    0.00000E+00    0.00000E+00    0.00000E+00    0.00000E+00   -0.64002E-13
    0.39650E+07    0.00000E+00    0.00000E+00    0.00000E+00    0.00000E+00    0.00000E+00   -0.64164E-13
    0.39700E+07    0.00000E+00    0.00000E+00    0.00000E+00    0.00000E+00    0.00000E+00   -0.64326E-13
    0.39750E+07    0.00000E+00    0.00000E+00    0.00000E+00    0.00000E+00    0.00000E+00   -0.64488E-13
    0.39800E+07    0.00000E+00    0.00000E+00    0.00000E+00    0.00000E+00    0.00000E+00   -0.64651E-13
    0.39850E+07    0.00000E+00    0.00000E+00    0.00000E+00    0.00000E+00    0.00000E+00   -0.64813E-13
    0.39900E+07    0.00000E+00    0.00000E+00    0.00000E+00    0.00000E+00    0.00000E+00   -0.64976E-13
    0.39950E+07    0.00000E+00    0.00000E+00    0.00000E+00    0.00000E+00    0.00000E+00   -0.65139E-13
    0.40000E+07    0.00000E+00    0.00000E+00    0.00000E+00    0.00000E+00    0.00000E+00   -0.65302E-13
    0.40050E+07    0.00000E+00    0.00000E+00    0.00000E+00    0.00000E+00    0.00000E+00   -0.65465E-13
    0.40100E+07    0.00000E+00    0.00000E+00    0.00000E+00    0.00000E+00    0.00000E+00   -0.65629E-13
    0.40150E+07    0.00000E+00    0.00000E+00    0.00000E+00    0.00000E+00    0.00000E+00   -0.65793E-13
    0.40200E+07    0.00000E+00    0.00000E+00    0.00000E+00    0.00000E+00    0.00000E+00   -0.65957E-13
    0.40250E+07    0.00000E+00    0.00000E+00    0.00000E+00    0.00000E+00    0.00000E+00   -0.66121E-13
    0.40300E+07    0.00000E+00    0.00000E+00    0.00000E+00    0.00000E+00    0.00000E+00   -0.66285E-13
    0.40350E+07    0.00000E+00    0.00000E+00    0.00000E+00    0.00000E+00    0.00000E+00   -0.66450E-13
    0.40400E+07    0.00000E+00    0.00000E+00    0.00000E+00    0.00000E+00    0.00000E+00   -0.66614E-13
    0.40450E+07    0.00000E+00    0.00000E+00    0.00000E+00    0.00000E+00    0.00000E+00   -0.66779E-13
    0.40500E+07    0.00000E+00    0.00000E+00    0.00000E+00    0.00000E+00    0.00000E+00   -0.66945E-13
    0.40550E+07    0.00000E+00    0.00000E+00    0.00000E+00    0.00000E+00    0.00000E+00   -0.67110E-13
    0.40600E+07    0.00000E+00    0.00000E+00    0.00000E+00    0.00000E+00    0.00000E+00   -0.67276E-13
    0.40650E+07    0.00000E+00    0.00000E+00    0.00000E+00    0.00000E+00    0.00000E+00   -0.67441E-13
    0.40700E+07    0.00000E+00    0.00000E+00    0.00000E+00    0.00000E+00    0.00000E+00   -0.67607E-13
    0.40750E+07    0.00000E+00    0.00000E+00    0.00000E+00    0.00000E+00    0.00000E+00   -0.67774E-13
    0.40800E+07    0.00000E+00    0.00000E+00    0.00000E+00    0.00000E+00    0.00000E+00   -0.67940E-13
    0.40850E+07    0.00000E+00    0.00000E+00    0.00000E+00    0.00000E+00    0.00000E+00   -0.68107E-13
    0.40900E+07    0.00000E+00    0.00000E+00    0.00000E+00    0.00000E+00    0.00000E+00   -0.68274E-13
    0.40950E+07    0.00000E+00    0.00000E+00    0.00000E+00    0.00000E+00    0.00000E+00   -0.68441E-13
    0.41000E+07    0.00000E+00    0.00000E+00    0.00000E+00    0.00000E+00    0.00000E+00   -0.68608E-13
    0.41050E+07    0.00000E+00    0.00000E+00    0.00000E+00    0.00000E+00    0.00000E+00   -0.68775E-13
    0.41100E+07    0.00000E+00    0.00000E+00    0.00000E+00    0.00000E+00    0.00000E+00   -0.68943E-13
    0.41150E+07    0.00000E+00    0.00000E+00    0.00000E+00    0.00000E+00    0.00000E+00   -0.69111E-13
    0.41200E+07    0.00000E+00    0.00000E+00    0.00000E+00    0.00000E+00    0.00000E+00   -0.69279E-13
    0.41250E+07    0.00000E+00    0.00000E+00    0.00000E+00    0.00000E+00    0.00000E+00   -0.69447E-13
    0.41300E+07    0.00000E+00    0.00000E+00    0.00000E+00    0.00000E+00    0.00000E+00   -0.69616E-13
    0.41350E+07    0.00000E+00    0.00000E+00    0.00000E+00    0.00000E+00    0.00000E+00   -0.69784E-13
    0.41400E+07    0.00000E+00    0.00000E+00    0.00000E+00    0.00000E+00    0.00000E+00   -0.69953E-13
    0.41450E+07    0.00000E+00    0.00000E+00    0.00000E+00    0.00000E+00    0.00000E+00   -0.70122E-13
    0.41500E+07    0.00000E+00    0.00000E+00    0.00000E+00    0.00000E+00    0.00000E+00   -0.70291E-13
    0.41550E+07    0.00000E+00    0.00000E+00    0.00000E+00    0.00000E+00    0.00000E+00   -0.70461E-13
    0.41600E+07    0.00000E+00    0.00000E+00    0.00000E+00    0.00000E+00    0.00000E+00   -0.70631E-13
    0.41650E+07    0.00000E+00    0.00000E+00    0.00000E+00    0.00000E+00    0.00000E+00   -0.70800E-13
    0.41700E+07    0.00000E+00    0.00000E+00    0.00000E+00    0.00000E+00    0.00000E+00   -0.70971E-13
    0.41750E+07    0.00000E+00    0.00000E+00    0.00000E+00    0.00000E+00    0.00000E+00   -0.71141E-13
    0.41800E+07    0.00000E+00    0.00000E+00    0.00000E+00    0.00000E+00    0.00000E+00   -0.71311E-13
    0.41850E+07    0.00000E+00    0.00000E+00    0.00000E+00    0.00000E+00    0.00000E+00   -0.71482E-13
    0.41900E+07    0.00000E+00    0.00000E+00    0.00000E+00    0.00000E+00    0.00000E+00   -0.71653E-13
    0.41950E+07    0.00000E+00    0.00000E+00    0.00000E+00    0.00000E+00    0.00000E+00   -0.71824E-13
    0.42000E+07    0.00000E+00    0.00000E+00    0.00000E+00    0.00000E+00    0.00000E+00   -0.71995E-13
    0.42050E+07    0.00000E+00    0.00000E+00    0.00000E+00    0.00000E+00    0.00000E+00   -0.72167E-13
    0.42100E+07    0.00000E+00    0.00000E+00    0.00000E+00    0.00000E+00    0.00000E+00   -0.72339E-13
    0.42150E+07    0.00000E+00    0.00000E+00    0.00000E+00    0.00000E+00    0.00000E+00   -0.72511E-13
    0.42200E+07    0.00000E+00    0.00000E+00    0.00000E+00    0.00000E+00    0.00000E+00   -0.72683E-13
    0.42250E+07    0.00000E+00    0.00000E+00    0.00000E+00    0.00000E+00    0.00000E+00   -0.72855E-13
    0.42300E+07    0.00000E+00    0.00000E+00    0.00000E+00    0.00000E+00    0.00000E+00   -0.73028E-13
    0.42350E+07    0.00000E+00    0.00000E+00    0.00000E+00    0.00000E+00    0.00000E+00   -0.73200E-13
    0.42400E+07    0.00000E+00    0.00000E+00    0.00000E+00    0.00000E+00    0.00000E+00   -0.73373E-13
    0.42450E+07    0.00000E+00    0.00000E+00    0.00000E+00    0.00000E+00    0.00000E+00   -0.73546E-13
    0.42500E+07    0.00000E+00    0.00000E+00    0.00000E+00    0.00000E+00    0.00000E+00   -0.73720E-13
    0.42550E+07    0.00000E+00    0.00000E+00    0.00000E+00    0.00000E+00    0.00000E+00   -0.73893E-13
    0.42600E+07    0.00000E+00    0.00000E+00    0.00000E+00    0.00000E+00    0.00000E+00   -0.74067E-13
    0.42650E+07    0.00000E+00    0.00000E+00    0.00000E+00    0.00000E+00    0.00000E+00   -0.74241E-13
    0.42700E+07    0.00000E+00    0.00000E+00    0.00000E+00    0.00000E+00    0.00000E+00   -0.74415E-13
    0.42750E+07    0.00000E+00    0.00000E+00    0.00000E+00    0.00000E+00    0.00000E+00   -0.74590E-13
    0.42800E+07    0.00000E+00    0.00000E+00    0.00000E+00    0.00000E+00    0.00000E+00   -0.74764E-13
    0.42850E+07    0.00000E+00    0.00000E+00    0.00000E+00    0.00000E+00    0.00000E+00   -0.74939E-13
    0.42900E+07    0.00000E+00    0.00000E+00    0.00000E+00    0.00000E+00    0.00000E+00   -0.75114E-13
    0.42950E+07    0.00000E+00    0.00000E+00    0.00000E+00    0.00000E+00    0.00000E+00   -0.75289E-13
    0.43000E+07    0.00000E+00    0.00000E+00    0.00000E+00    0.00000E+00    0.00000E+00   -0.75465E-13
    0.43050E+07    0.00000E+00    0.00000E+00    0.00000E+00    0.00000E+00    0.00000E+00   -0.75640E-13
    0.43100E+07    0.00000E+00    0.00000E+00    0.00000E+00    0.00000E+00    0.00000E+00   -0.75816E-13
    0.43150E+07    0.00000E+00    0.00000E+00    0.00000E+00    0.00000E+00    0.00000E+00   -0.75992E-13
    0.43200E+07    0.00000E+00    0.00000E+00    0.00000E+00    0.00000E+00    0.00000E+00   -0.76168E-13
    0.43250E+07    0.00000E+00    0.00000E+00    0.00000E+00    0.00000E+00    0.00000E+00   -0.76345E-13
    0.43300E+07    0.00000E+00    0.00000E+00    0.00000E+00    0.00000E+00    0.00000E+00   -0.76521E-13
    0.43350E+07    0.00000E+00    0.00000E+00    0.00000E+00    0.00000E+00    0.00000E+00   -0.76698E-13
    0.43400E+07    0.00000E+00    0.00000E+00    0.00000E+00    0.00000E+00    0.00000E+00   -0.76875E-13
    0.43450E+07    0.00000E+00    0.00000E+00    0.00000E+00    0.00000E+00    0.00000E+00   -0.77052E-13
    0.43500E+07    0.00000E+00    0.00000E+00    0.00000E+00    0.00000E+00    0.00000E+00   -0.77230E-13
    0.43550E+07    0.00000E+00    0.00000E+00    0.00000E+00    0.00000E+00    0.00000E+00   -0.77407E-13
    0.43600E+07    0.00000E+00    0.00000E+00    0.00000E+00    0.00000E+00    0.00000E+00   -0.77585E-13
    0.43650E+07    0.00000E+00    0.00000E+00    0.00000E+00    0.00000E+00    0.00000E+00   -0.77763E-13
    0.43700E+07    0.00000E+00    0.00000E+00    0.00000E+00    0.00000E+00    0.00000E+00   -0.77942E-13
    0.43750E+07    0.00000E+00    0.00000E+00    0.00000E+00    0.00000E+00    0.00000E+00   -0.78120E-13
    0.43800E+07    0.00000E+00    0.00000E+00    0.00000E+00    0.00000E+00    0.00000E+00   -0.78299E-13
    0.43850E+07    0.00000E+00    0.00000E+00    0.00000E+00    0.00000E+00    0.00000E+00   -0.78477E-13
    0.43900E+07    0.00000E+00    0.00000E+00    0.00000E+00    0.00000E+00    0.00000E+00   -0.78657E-13
    0.43950E+07    0.00000E+00    0.00000E+00    0.00000E+00    0.00000E+00    0.00000E+00   -0.78836E-13
    0.44000E+07    0.00000E+00    0.00000E+00    0.00000E+00    0.00000E+00    0.00000E+00   -0.79015E-13
    0.44050E+07    0.00000E+00    0.00000E+00    0.00000E+00    0.00000E+00    0.00000E+00   -0.79195E-13
    0.44100E+07    0.00000E+00    0.00000E+00    0.00000E+00    0.00000E+00    0.00000E+00   -0.79375E-13
    0.44150E+07    0.00000E+00    0.00000E+00    0.00000E+00    0.00000E+00    0.00000E+00   -0.79555E-13
    0.44200E+07    0.00000E+00    0.00000E+00    0.00000E+00    0.00000E+00    0.00000E+00   -0.79735E-13
    0.44250E+07    0.00000E+00    0.00000E+00    0.00000E+00    0.00000E+00    0.00000E+00   -0.79916E-13
    0.44300E+07    0.00000E+00    0.00000E+00    0.00000E+00    0.00000E+00    0.00000E+00   -0.80096E-13
    0.44350E+07    0.00000E+00    0.00000E+00    0.00000E+00    0.00000E+00    0.00000E+00   -0.80277E-13
    0.44400E+07    0.00000E+00    0.00000E+00    0.00000E+00    0.00000E+00    0.00000E+00   -0.80458E-13
    0.44450E+07    0.00000E+00    0.00000E+00    0.00000E+00    0.00000E+00    0.00000E+00   -0.80640E-13
    0.44500E+07    0.00000E+00    0.00000E+00    0.00000E+00    0.00000E+00    0.00000E+00   -0.80821E-13
    0.44550E+07    0.00000E+00    0.00000E+00    0.00000E+00    0.00000E+00    0.00000E+00   -0.81003E-13
    0.44600E+07    0.00000E+00    0.00000E+00    0.00000E+00    0.00000E+00    0.00000E+00   -0.81185E-13
    0.44650E+07    0.00000E+00    0.00000E+00    0.00000E+00    0.00000E+00    0.00000E+00   -0.81367E-13
    0.44700E+07    0.00000E+00    0.00000E+00    0.00000E+00    0.00000E+00    0.00000E+00   -0.81549E-13
    0.44750E+07    0.00000E+00    0.00000E+00    0.00000E+00    0.00000E+00    0.00000E+00   -0.81732E-13
    0.44800E+07    0.00000E+00    0.00000E+00    0.00000E+00    0.00000E+00    0.00000E+00   -0.81915E-13
    0.44850E+07    0.00000E+00    0.00000E+00    0.00000E+00    0.00000E+00    0.00000E+00   -0.82098E-13
    0.44900E+07    0.00000E+00    0.00000E+00    0.00000E+00    0.00000E+00    0.00000E+00   -0.82281E-13
    0.44950E+07    0.00000E+00    0.00000E+00    0.00000E+00    0.00000E+00    0.00000E+00   -0.82464E-13
    0.45000E+07    0.00000E+00    0.00000E+00    0.00000E+00    0.00000E+00    0.00000E+00   -0.82648E-13
    0.45050E+07    0.00000E+00    0.00000E+00    0.00000E+00    0.00000E+00    0.00000E+00   -0.82831E-13
    0.45100E+07    0.00000E+00    0.00000E+00    0.00000E+00    0.00000E+00    0.00000E+00   -0.83015E-13
    0.45150E+07    0.00000E+00    0.00000E+00    0.00000E+00    0.00000E+00    0.00000E+00   -0.83200E-13
    0.45200E+07    0.00000E+00    0.00000E+00    0.00000E+00    0.00000E+00    0.00000E+00   -0.83384E-13
    0.45250E+07    0.00000E+00    0.00000E+00    0.00000E+00    0.00000E+00    0.00000E+00   -0.83569E-13
    0.45300E+07    0.00000E+00    0.00000E+00    0.00000E+00    0.00000E+00    0.00000E+00   -0.83753E-13
    0.45350E+07    0.00000E+00    0.00000E+00    0.00000E+00    0.00000E+00    0.00000E+00   -0.83938E-13
    0.45400E+07    0.00000E+00    0.00000E+00    0.00000E+00    0.00000E+00    0.00000E+00   -0.84124E-13
    0.45450E+07    0.00000E+00    0.00000E+00    0.00000E+00    0.00000E+00    0.00000E+00   -0.84309E-13
    0.45500E+07    0.00000E+00    0.00000E+00    0.00000E+00    0.00000E+00    0.00000E+00   -0.84495E-13
    0.45550E+07    0.00000E+00    0.00000E+00    0.00000E+00    0.00000E+00    0.00000E+00   -0.84680E-13
    0.45600E+07    0.00000E+00    0.00000E+00    0.00000E+00    0.00000E+00    0.00000E+00   -0.84866E-13
    0.45650E+07    0.00000E+00    0.00000E+00    0.00000E+00    0.00000E+00    0.00000E+00   -0.85053E-13
    0.45700E+07    0.00000E+00    0.00000E+00    0.00000E+00    0.00000E+00    0.00000E+00   -0.85239E-13
    0.45750E+07    0.00000E+00    0.00000E+00    0.00000E+00    0.00000E+00    0.00000E+00   -0.85426E-13
    0.45800E+07    0.00000E+00    0.00000E+00    0.00000E+00    0.00000E+00    0.00000E+00   -0.85612E-13
    0.45850E+07    0.00000E+00    0.00000E+00    0.00000E+00    0.00000E+00    0.00000E+00   -0.85799E-13
    0.45900E+07    0.00000E+00    0.00000E+00    0.00000E+00    0.00000E+00    0.00000E+00   -0.85987E-13
    0.45950E+07    0.00000E+00    0.00000E+00    0.00000E+00    0.00000E+00    0.00000E+00   -0.86174E-13
    0.46000E+07    0.00000E+00    0.00000E+00    0.00000E+00    0.00000E+00    0.00000E+00   -0.86362E-13
    0.46050E+07    0.00000E+00    0.00000E+00    0.00000E+00    0.00000E+00    0.00000E+00   -0.86550E-13
    0.46100E+07    0.00000E+00    0.00000E+00    0.00000E+00    0.00000E+00    0.00000E+00   -0.86738E-13
    0.46150E+07    0.00000E+00    0.00000E+00    0.00000E+00    0.00000E+00    0.00000E+00   -0.86926E-13
    0.46200E+07    0.00000E+00    0.00000E+00    0.00000E+00    0.00000E+00    0.00000E+00   -0.87114E-13
    0.46250E+07    0.00000E+00    0.00000E+00    0.00000E+00    0.00000E+00    0.00000E+00   -0.87303E-13
    0.46300E+07    0.00000E+00    0.00000E+00    0.00000E+00    0.00000E+00    0.00000E+00   -0.87492E-13
    0.46350E+07    0.00000E+00    0.00000E+00    0.00000E+00    0.00000E+00    0.00000E+00   -0.87681E-13
    0.46400E+07    0.00000E+00    0.00000E+00    0.00000E+00    0.00000E+00    0.00000E+00   -0.87870E-13
    0.46450E+07    0.00000E+00    0.00000E+00    0.00000E+00    0.00000E+00    0.00000E+00   -0.88060E-13
    0.46500E+07    0.00000E+00    0.00000E+00    0.00000E+00    0.00000E+00    0.00000E+00   -0.88249E-13
    0.46550E+07    0.00000E+00    0.00000E+00    0.00000E+00    0.00000E+00    0.00000E+00   -0.88439E-13
    0.46600E+07    0.00000E+00    0.00000E+00    0.00000E+00    0.00000E+00    0.00000E+00   -0.88629E-13
    0.46650E+07    0.00000E+00    0.00000E+00    0.00000E+00    0.00000E+00    0.00000E+00   -0.88820E-13
    0.46700E+07    0.00000E+00    0.00000E+00    0.00000E+00    0.00000E+00    0.00000E+00   -0.89010E-13
    0.46750E+07    0.00000E+00    0.00000E+00    0.00000E+00    0.00000E+00    0.00000E+00   -0.89201E-13
    0.46800E+07    0.00000E+00    0.00000E+00    0.00000E+00    0.00000E+00    0.00000E+00   -0.89392E-13
    0.46850E+07    0.00000E+00    0.00000E+00    0.00000E+00    0.00000E+00    0.00000E+00   -0.89583E-13
    0.46900E+07    0.00000E+00    0.00000E+00    0.00000E+00    0.00000E+00    0.00000E+00   -0.89774E-13
    0.46950E+07    0.00000E+00    0.00000E+00    0.00000E+00    0.00000E+00    0.00000E+00   -0.89966E-13
    0.47000E+07    0.00000E+00    0.00000E+00    0.00000E+00    0.00000E+00    0.00000E+00   -0.90157E-13
    0.47050E+07    0.00000E+00    0.00000E+00    0.00000E+00    0.00000E+00    0.00000E+00   -0.90349E-13
    0.47100E+07    0.00000E+00    0.00000E+00    0.00000E+00    0.00000E+00    0.00000E+00   -0.90541E-13
    0.47150E+07    0.00000E+00    0.00000E+00    0.00000E+00    0.00000E+00    0.00000E+00   -0.90734E-13
    0.47200E+07    0.00000E+00    0.00000E+00    0.00000E+00    0.00000E+00    0.00000E+00   -0.90926E-13
    0.47250E+07    0.00000E+00    0.00000E+00    0.00000E+00    0.00000E+00    0.00000E+00   -0.91119E-13
    0.47300E+07    0.00000E+00    0.00000E+00    0.00000E+00    0.00000E+00    0.00000E+00   -0.91312E-13
    0.47350E+07    0.00000E+00    0.00000E+00    0.00000E+00    0.00000E+00    0.00000E+00   -0.91505E-13
    0.47400E+07    0.00000E+00    0.00000E+00    0.00000E+00    0.00000E+00    0.00000E+00   -0.91699E-13
    0.47450E+07    0.00000E+00    0.00000E+00    0.00000E+00    0.00000E+00    0.00000E+00   -0.91892E-13
    0.47500E+07    0.00000E+00    0.00000E+00    0.00000E+00    0.00000E+00    0.00000E+00   -0.92086E-13
    0.47550E+07    0.00000E+00    0.00000E+00    0.00000E+00    0.00000E+00    0.00000E+00   -0.92280E-13
    0.47600E+07    0.00000E+00    0.00000E+00    0.00000E+00    0.00000E+00    0.00000E+00   -0.92474E-13
    0.47650E+07    0.00000E+00    0.00000E+00    0.00000E+00    0.00000E+00    0.00000E+00   -0.92668E-13
    0.47700E+07    0.00000E+00    0.00000E+00    0.00000E+00    0.00000E+00    0.00000E+00   -0.92863E-13
    0.47750E+07    0.00000E+00    0.00000E+00    0.00000E+00    0.00000E+00    0.00000E+00   -0.93058E-13
    0.47800E+07    0.00000E+00    0.00000E+00    0.00000E+00    0.00000E+00    0.00000E+00   -0.93253E-13
    0.47850E+07    0.00000E+00    0.00000E+00    0.00000E+00    0.00000E+00    0.00000E+00   -0.93448E-13
    0.47900E+07    0.00000E+00    0.00000E+00    0.00000E+00    0.00000E+00    0.00000E+00   -0.93643E-13
    0.47950E+07    0.00000E+00    0.00000E+00    0.00000E+00    0.00000E+00    0.00000E+00   -0.93839E-13
    0.48000E+07    0.00000E+00    0.00000E+00    0.00000E+00    0.00000E+00    0.00000E+00   -0.94035E-13
    0.48050E+07    0.00000E+00    0.00000E+00    0.00000E+00    0.00000E+00    0.00000E+00   -0.94231E-13
    0.48100E+07    0.00000E+00    0.00000E+00    0.00000E+00    0.00000E+00    0.00000E+00   -0.94427E-13
    0.48150E+07    0.00000E+00    0.00000E+00    0.00000E+00    0.00000E+00    0.00000E+00   -0.94623E-13
    0.48200E+07    0.00000E+00    0.00000E+00    0.00000E+00    0.00000E+00    0.00000E+00   -0.94820E-13
    0.48250E+07    0.00000E+00    0.00000E+00    0.00000E+00    0.00000E+00    0.00000E+00   -0.95017E-13
    0.48300E+07    0.00000E+00    0.00000E+00    0.00000E+00    0.00000E+00    0.00000E+00   -0.95214E-13
    0.48350E+07    0.00000E+00    0.00000E+00    0.00000E+00    0.00000E+00    0.00000E+00   -0.95411E-13
    0.48400E+07    0.00000E+00    0.00000E+00    0.00000E+00    0.00000E+00    0.00000E+00   -0.95609E-13
    0.48450E+07    0.00000E+00    0.00000E+00    0.00000E+00    0.00000E+00    0.00000E+00   -0.95806E-13
    0.48500E+07    0.00000E+00    0.00000E+00    0.00000E+00    0.00000E+00    0.00000E+00   -0.96004E-13
    0.48550E+07    0.00000E+00    0.00000E+00    0.00000E+00    0.00000E+00    0.00000E+00   -0.96202E-13
    0.48600E+07    0.00000E+00    0.00000E+00    0.00000E+00    0.00000E+00    0.00000E+00   -0.96400E-13
    0.48650E+07    0.00000E+00    0.00000E+00    0.00000E+00    0.00000E+00    0.00000E+00   -0.96599E-13
    0.48700E+07    0.00000E+00    0.00000E+00    0.00000E+00    0.00000E+00    0.00000E+00   -0.96797E-13
    0.48750E+07    0.00000E+00    0.00000E+00    0.00000E+00    0.00000E+00    0.00000E+00   -0.96996E-13
    0.48800E+07    0.00000E+00    0.00000E+00    0.00000E+00    0.00000E+00    0.00000E+00   -0.97195E-13
    0.48850E+07    0.00000E+00    0.00000E+00    0.00000E+00    0.00000E+00    0.00000E+00   -0.97395E-13
    0.48900E+07    0.00000E+00    0.00000E+00    0.00000E+00    0.00000E+00    0.00000E+00   -0.97594E-13
    0.48950E+07    0.00000E+00    0.00000E+00    0.00000E+00    0.00000E+00    0.00000E+00   -0.97794E-13
    0.49000E+07    0.00000E+00    0.00000E+00    0.00000E+00    0.00000E+00    0.00000E+00   -0.97994E-13
    0.49050E+07    0.00000E+00    0.00000E+00    0.00000E+00    0.00000E+00    0.00000E+00   -0.98194E-13
    0.49100E+07    0.00000E+00    0.00000E+00    0.00000E+00    0.00000E+00    0.00000E+00   -0.98394E-13
    0.49150E+07    0.00000E+00    0.00000E+00    0.00000E+00    0.00000E+00    0.00000E+00   -0.98595E-13
    0.49200E+07    0.00000E+00    0.00000E+00    0.00000E+00    0.00000E+00    0.00000E+00   -0.98795E-13
    0.49250E+07    0.00000E+00    0.00000E+00    0.00000E+00    0.00000E+00    0.00000E+00   -0.98996E-13
    0.49300E+07    0.00000E+00    0.00000E+00    0.00000E+00    0.00000E+00    0.00000E+00   -0.99197E-13
    0.49350E+07    0.00000E+00    0.00000E+00    0.00000E+00    0.00000E+00    0.00000E+00   -0.99399E-13
    0.49400E+07    0.00000E+00    0.00000E+00    0.00000E+00    0.00000E+00    0.00000E+00   -0.99600E-13
    0.49450E+07    0.00000E+00    0.00000E+00    0.00000E+00    0.00000E+00    0.00000E+00   -0.99802E-13
    0.49500E+07    0.00000E+00    0.00000E+00    0.00000E+00    0.00000E+00    0.00000E+00   -0.10000E-12
    0.49550E+07    0.00000E+00    0.00000E+00    0.00000E+00    0.00000E+00    0.00000E+00   -0.10021E-12
    0.49600E+07    0.00000E+00    0.00000E+00    0.00000E+00    0.00000E+00    0.00000E+00   -0.10041E-12
    0.49650E+07    0.00000E+00    0.00000E+00    0.00000E+00    0.00000E+00    0.00000E+00   -0.10061E-12
    0.49700E+07    0.00000E+00    0.00000E+00    0.00000E+00    0.00000E+00    0.00000E+00   -0.10081E-12
    0.49750E+07    0.00000E+00    0.00000E+00    0.00000E+00    0.00000E+00    0.00000E+00   -0.10102E-12
    0.49800E+07    0.00000E+00    0.00000E+00    0.00000E+00    0.00000E+00    0.00000E+00   -0.10122E-12
    0.49850E+07    0.00000E+00    0.00000E+00    0.00000E+00    0.00000E+00    0.00000E+00   -0.10142E-12
    0.49900E+07    0.00000E+00    0.00000E+00    0.00000E+00    0.00000E+00    0.00000E+00   -0.10163E-12
    0.49950E+07    0.00000E+00    0.00000E+00    0.00000E+00    0.00000E+00    0.00000E+00   -0.10183E-12
    0.50000E+07    0.00000E+00    0.00000E+00    0.00000E+00    0.00000E+00    0.00000E+00   -0.10203E-12
    0.50050E+07    0.00000E+00    0.00000E+00    0.00000E+00    0.00000E+00    0.00000E+00   -0.10224E-12
    0.50100E+07    0.00000E+00    0.00000E+00    0.00000E+00    0.00000E+00    0.00000E+00   -0.10244E-12
    0.50150E+07    0.00000E+00    0.00000E+00    0.00000E+00    0.00000E+00    0.00000E+00   -0.10265E-12
    0.50200E+07    0.00000E+00    0.00000E+00    0.00000E+00    0.00000E+00    0.00000E+00   -0.10285E-12
    0.50250E+07    0.00000E+00    0.00000E+00    0.00000E+00    0.00000E+00    0.00000E+00   -0.10306E-12
    0.50300E+07    0.00000E+00    0.00000E+00    0.00000E+00    0.00000E+00    0.00000E+00   -0.10326E-12
    0.50350E+07    0.00000E+00    0.00000E+00    0.00000E+00    0.00000E+00    0.00000E+00   -0.10347E-12
    0.50400E+07    0.00000E+00    0.00000E+00    0.00000E+00    0.00000E+00    0.00000E+00   -0.10367E-12
    0.50450E+07    0.00000E+00    0.00000E+00    0.00000E+00    0.00000E+00    0.00000E+00   -0.10388E-12
    0.50500E+07    0.00000E+00    0.00000E+00    0.00000E+00    0.00000E+00    0.00000E+00   -0.10409E-12
    0.50550E+07    0.00000E+00    0.00000E+00    0.00000E+00    0.00000E+00    0.00000E+00   -0.10429E-12
    0.50600E+07    0.00000E+00    0.00000E+00    0.00000E+00    0.00000E+00    0.00000E+00   -0.10450E-12
    0.50650E+07    0.00000E+00    0.00000E+00    0.00000E+00    0.00000E+00    0.00000E+00   -0.10470E-12
    0.50700E+07    0.00000E+00    0.00000E+00    0.00000E+00    0.00000E+00    0.00000E+00   -0.10491E-12
    0.50750E+07    0.00000E+00    0.00000E+00    0.00000E+00    0.00000E+00    0.00000E+00   -0.10512E-12
    0.50800E+07    0.00000E+00    0.00000E+00    0.00000E+00    0.00000E+00    0.00000E+00   -0.10533E-12
    0.50850E+07    0.00000E+00    0.00000E+00    0.00000E+00    0.00000E+00    0.00000E+00   -0.10553E-12
    0.50900E+07    0.00000E+00    0.00000E+00    0.00000E+00    0.00000E+00    0.00000E+00   -0.10574E-12
    0.50950E+07    0.00000E+00    0.00000E+00    0.00000E+00    0.00000E+00    0.00000E+00   -0.10595E-12
    0.51000E+07    0.00000E+00    0.00000E+00    0.00000E+00    0.00000E+00    0.00000E+00   -0.10616E-12
    0.51050E+07    0.00000E+00    0.00000E+00    0.00000E+00    0.00000E+00    0.00000E+00   -0.10636E-12
    0.51100E+07    0.00000E+00    0.00000E+00    0.00000E+00    0.00000E+00    0.00000E+00   -0.10657E-12
    0.51150E+07    0.00000E+00    0.00000E+00    0.00000E+00    0.00000E+00    0.00000E+00   -0.10678E-12
    0.51200E+07    0.00000E+00    0.00000E+00    0.00000E+00    0.00000E+00    0.00000E+00   -0.10699E-12
    0.51250E+07    0.00000E+00    0.00000E+00    0.00000E+00    0.00000E+00    0.00000E+00   -0.10720E-12
    0.51300E+07    0.00000E+00    0.00000E+00    0.00000E+00    0.00000E+00    0.00000E+00   -0.10741E-12
    0.51350E+07    0.00000E+00    0.00000E+00    0.00000E+00    0.00000E+00    0.00000E+00   -0.10762E-12
    0.51400E+07    0.00000E+00    0.00000E+00    0.00000E+00    0.00000E+00    0.00000E+00   -0.10783E-12
    0.51450E+07    0.00000E+00    0.00000E+00    0.00000E+00    0.00000E+00    0.00000E+00   -0.10804E-12
    0.51500E+07    0.00000E+00    0.00000E+00    0.00000E+00    0.00000E+00    0.00000E+00   -0.10825E-12
    0.51550E+07    0.00000E+00    0.00000E+00    0.00000E+00    0.00000E+00    0.00000E+00   -0.10846E-12
    0.51600E+07    0.00000E+00    0.00000E+00    0.00000E+00    0.00000E+00    0.00000E+00   -0.10867E-12
    0.51650E+07    0.00000E+00    0.00000E+00    0.00000E+00    0.00000E+00    0.00000E+00   -0.10888E-12
    0.51700E+07    0.00000E+00    0.00000E+00    0.00000E+00    0.00000E+00    0.00000E+00   -0.10909E-12
    0.51750E+07    0.00000E+00    0.00000E+00    0.00000E+00    0.00000E+00    0.00000E+00   -0.10930E-12
    0.51800E+07    0.00000E+00    0.00000E+00    0.00000E+00    0.00000E+00    0.00000E+00   -0.10951E-12
    0.51850E+07    0.00000E+00    0.00000E+00    0.00000E+00    0.00000E+00    0.00000E+00   -0.10972E-12
    0.51900E+07    0.00000E+00    0.00000E+00    0.00000E+00    0.00000E+00    0.00000E+00   -0.10994E-12
    0.51950E+07    0.00000E+00    0.00000E+00    0.00000E+00    0.00000E+00    0.00000E+00   -0.11015E-12
    0.52000E+07    0.00000E+00    0.00000E+00    0.00000E+00    0.00000E+00    0.00000E+00   -0.11036E-12
    0.52050E+07    0.00000E+00    0.00000E+00    0.00000E+00    0.00000E+00    0.00000E+00   -0.11057E-12
    0.52100E+07    0.00000E+00    0.00000E+00    0.00000E+00    0.00000E+00    0.00000E+00   -0.11079E-12
    0.52150E+07    0.00000E+00    0.00000E+00    0.00000E+00    0.00000E+00    0.00000E+00   -0.11100E-12
    0.52200E+07    0.00000E+00    0.00000E+00    0.00000E+00    0.00000E+00    0.00000E+00   -0.11121E-12
    0.52250E+07    0.00000E+00    0.00000E+00    0.00000E+00    0.00000E+00    0.00000E+00   -0.11142E-12
    0.52300E+07    0.00000E+00    0.00000E+00    0.00000E+00    0.00000E+00    0.00000E+00   -0.11164E-12
    0.52350E+07    0.00000E+00    0.00000E+00    0.00000E+00    0.00000E+00    0.00000E+00   -0.11185E-12
    0.52400E+07    0.00000E+00    0.00000E+00    0.00000E+00    0.00000E+00    0.00000E+00   -0.11206E-12
    0.52450E+07    0.00000E+00    0.00000E+00    0.00000E+00    0.00000E+00    0.00000E+00   -0.11228E-12
    0.52500E+07    0.00000E+00    0.00000E+00    0.00000E+00    0.00000E+00    0.00000E+00   -0.11249E-12
    0.52550E+07    0.00000E+00    0.00000E+00    0.00000E+00    0.00000E+00    0.00000E+00   -0.11271E-12
    0.52600E+07    0.00000E+00    0.00000E+00    0.00000E+00    0.00000E+00    0.00000E+00   -0.11292E-12
    0.52650E+07    0.00000E+00    0.00000E+00    0.00000E+00    0.00000E+00    0.00000E+00   -0.11314E-12
    0.52700E+07    0.00000E+00    0.00000E+00    0.00000E+00    0.00000E+00    0.00000E+00   -0.11335E-12
    0.52750E+07    0.00000E+00    0.00000E+00    0.00000E+00    0.00000E+00    0.00000E+00   -0.11357E-12
    0.52800E+07    0.00000E+00    0.00000E+00    0.00000E+00    0.00000E+00    0.00000E+00   -0.11378E-12
    0.52850E+07    0.00000E+00    0.00000E+00    0.00000E+00    0.00000E+00    0.00000E+00   -0.11400E-12
    0.52900E+07    0.00000E+00    0.00000E+00    0.00000E+00    0.00000E+00    0.00000E+00   -0.11421E-12
    0.52950E+07    0.00000E+00    0.00000E+00    0.00000E+00    0.00000E+00    0.00000E+00   -0.11443E-12
    0.53000E+07    0.00000E+00    0.00000E+00    0.00000E+00    0.00000E+00    0.00000E+00   -0.11465E-12
    0.53050E+07    0.00000E+00    0.00000E+00    0.00000E+00    0.00000E+00    0.00000E+00   -0.11486E-12
    0.53100E+07    0.00000E+00    0.00000E+00    0.00000E+00    0.00000E+00    0.00000E+00   -0.11508E-12
    0.53150E+07    0.00000E+00    0.00000E+00    0.00000E+00    0.00000E+00    0.00000E+00   -0.11530E-12
    0.53200E+07    0.00000E+00    0.00000E+00    0.00000E+00    0.00000E+00    0.00000E+00   -0.11551E-12
    0.53250E+07    0.00000E+00    0.00000E+00    0.00000E+00    0.00000E+00    0.00000E+00   -0.11573E-12
    0.53300E+07    0.00000E+00    0.00000E+00    0.00000E+00    0.00000E+00    0.00000E+00   -0.11595E-12
    0.53350E+07    0.00000E+00    0.00000E+00    0.00000E+00    0.00000E+00    0.00000E+00   -0.11616E-12
    0.53400E+07    0.00000E+00    0.00000E+00    0.00000E+00    0.00000E+00    0.00000E+00   -0.11638E-12
    0.53450E+07    0.00000E+00    0.00000E+00    0.00000E+00    0.00000E+00    0.00000E+00   -0.11660E-12
    0.53500E+07    0.00000E+00    0.00000E+00    0.00000E+00    0.00000E+00    0.00000E+00   -0.11682E-12
    0.53550E+07    0.00000E+00    0.00000E+00    0.00000E+00    0.00000E+00    0.00000E+00   -0.11704E-12
    0.53600E+07    0.00000E+00    0.00000E+00    0.00000E+00    0.00000E+00    0.00000E+00   -0.11726E-12
    0.53650E+07    0.00000E+00    0.00000E+00    0.00000E+00    0.00000E+00    0.00000E+00   -0.11747E-12
    0.53700E+07    0.00000E+00    0.00000E+00    0.00000E+00    0.00000E+00    0.00000E+00   -0.11769E-12
    0.53750E+07    0.00000E+00    0.00000E+00    0.00000E+00    0.00000E+00    0.00000E+00   -0.11791E-12
    0.53800E+07    0.00000E+00    0.00000E+00    0.00000E+00    0.00000E+00    0.00000E+00   -0.11813E-12
    0.53850E+07    0.00000E+00    0.00000E+00    0.00000E+00    0.00000E+00    0.00000E+00   -0.11835E-12
    0.53900E+07    0.00000E+00    0.00000E+00    0.00000E+00    0.00000E+00    0.00000E+00   -0.11857E-12
    0.53950E+07    0.00000E+00    0.00000E+00    0.00000E+00    0.00000E+00    0.00000E+00   -0.11879E-12
    0.54000E+07    0.00000E+00    0.00000E+00    0.00000E+00    0.00000E+00    0.00000E+00   -0.11901E-12
    0.54050E+07    0.00000E+00    0.00000E+00    0.00000E+00    0.00000E+00    0.00000E+00   -0.11923E-12
    0.54100E+07    0.00000E+00    0.00000E+00    0.00000E+00    0.00000E+00    0.00000E+00   -0.11945E-12
    0.54150E+07    0.00000E+00    0.00000E+00    0.00000E+00    0.00000E+00    0.00000E+00   -0.11967E-12
    0.54200E+07    0.00000E+00    0.00000E+00    0.00000E+00    0.00000E+00    0.00000E+00   -0.11990E-12
    0.54250E+07    0.00000E+00    0.00000E+00    0.00000E+00    0.00000E+00    0.00000E+00   -0.12012E-12
    0.54300E+07    0.00000E+00    0.00000E+00    0.00000E+00    0.00000E+00    0.00000E+00   -0.12034E-12
    0.54350E+07    0.00000E+00    0.00000E+00    0.00000E+00    0.00000E+00    0.00000E+00   -0.12056E-12
    0.54400E+07    0.00000E+00    0.00000E+00    0.00000E+00    0.00000E+00    0.00000E+00   -0.12078E-12
    0.54450E+07    0.00000E+00    0.00000E+00    0.00000E+00    0.00000E+00    0.00000E+00   -0.12100E-12
    0.54500E+07    0.00000E+00    0.00000E+00    0.00000E+00    0.00000E+00    0.00000E+00   -0.12123E-12
    0.54550E+07    0.00000E+00    0.00000E+00    0.00000E+00    0.00000E+00    0.00000E+00   -0.12145E-12
    0.54600E+07    0.00000E+00    0.00000E+00    0.00000E+00    0.00000E+00    0.00000E+00   -0.12167E-12
    0.54650E+07    0.00000E+00    0.00000E+00    0.00000E+00    0.00000E+00    0.00000E+00   -0.12190E-12
    0.54700E+07    0.00000E+00    0.00000E+00    0.00000E+00    0.00000E+00    0.00000E+00   -0.12212E-12
    0.54750E+07    0.00000E+00    0.00000E+00    0.00000E+00    0.00000E+00    0.00000E+00   -0.12234E-12
    0.54800E+07    0.00000E+00    0.00000E+00    0.00000E+00    0.00000E+00    0.00000E+00   -0.12257E-12
    0.54850E+07    0.00000E+00    0.00000E+00    0.00000E+00    0.00000E+00    0.00000E+00   -0.12279E-12
    0.54900E+07    0.00000E+00    0.00000E+00    0.00000E+00    0.00000E+00    0.00000E+00   -0.12301E-12
    0.54950E+07    0.00000E+00    0.00000E+00    0.00000E+00    0.00000E+00    0.00000E+00   -0.12324E-12
    0.55000E+07    0.00000E+00    0.00000E+00    0.00000E+00    0.00000E+00    0.00000E+00   -0.12346E-12
    0.55050E+07    0.00000E+00    0.00000E+00    0.00000E+00    0.00000E+00    0.00000E+00   -0.12369E-12
    0.55100E+07    0.00000E+00    0.00000E+00    0.00000E+00    0.00000E+00    0.00000E+00   -0.12391E-12
    0.55150E+07    0.00000E+00    0.00000E+00    0.00000E+00    0.00000E+00    0.00000E+00   -0.12414E-12
    0.55200E+07    0.00000E+00    0.00000E+00    0.00000E+00    0.00000E+00    0.00000E+00   -0.12436E-12
    0.55250E+07    0.00000E+00    0.00000E+00    0.00000E+00    0.00000E+00    0.00000E+00   -0.12459E-12
    0.55300E+07    0.00000E+00    0.00000E+00    0.00000E+00    0.00000E+00    0.00000E+00   -0.12481E-12
    0.55350E+07    0.00000E+00    0.00000E+00    0.00000E+00    0.00000E+00    0.00000E+00   -0.12504E-12
    0.55400E+07    0.00000E+00    0.00000E+00    0.00000E+00    0.00000E+00    0.00000E+00   -0.12526E-12
    0.55450E+07    0.00000E+00    0.00000E+00    0.00000E+00    0.00000E+00    0.00000E+00   -0.12549E-12
    0.55500E+07    0.00000E+00    0.00000E+00    0.00000E+00    0.00000E+00    0.00000E+00   -0.12572E-12
    0.55550E+07    0.00000E+00    0.00000E+00    0.00000E+00    0.00000E+00    0.00000E+00   -0.12594E-12
    0.55600E+07    0.00000E+00    0.00000E+00    0.00000E+00    0.00000E+00    0.00000E+00   -0.12617E-12
    0.55650E+07    0.00000E+00    0.00000E+00    0.00000E+00    0.00000E+00    0.00000E+00   -0.12640E-12
    0.55700E+07    0.00000E+00    0.00000E+00    0.00000E+00    0.00000E+00    0.00000E+00   -0.12662E-12
    0.55750E+07    0.00000E+00    0.00000E+00    0.00000E+00    0.00000E+00    0.00000E+00   -0.12685E-12
    0.55800E+07    0.00000E+00    0.00000E+00    0.00000E+00    0.00000E+00    0.00000E+00   -0.12708E-12
    0.55800E+07    0.00000E+00    0.00000E+00    0.00000E+00    0.00000E+00    0.00000E+00   -0.12708E-12
    0.55850E+07    0.00000E+00    0.00000E+00    0.00000E+00    0.00000E+00    0.00000E+00   -0.12731E-12
    0.55900E+07    0.00000E+00    0.00000E+00    0.00000E+00    0.00000E+00    0.00000E+00   -0.12754E-12
    0.55950E+07    0.00000E+00    0.00000E+00    0.00000E+00    0.00000E+00    0.00000E+00   -0.12776E-12
    0.56000E+07    0.00000E+00    0.00000E+00    0.00000E+00    0.00000E+00    0.00000E+00   -0.12799E-12
    0.56050E+07    0.00000E+00    0.00000E+00    0.00000E+00    0.00000E+00    0.00000E+00   -0.12822E-12
    0.56100E+07    0.00000E+00    0.00000E+00    0.00000E+00    0.00000E+00    0.00000E+00   -0.12845E-12
    0.56150E+07    0.00000E+00    0.00000E+00    0.00000E+00    0.00000E+00    0.00000E+00   -0.12868E-12
    0.56200E+07    0.00000E+00    0.00000E+00    0.00000E+00    0.00000E+00    0.00000E+00   -0.12891E-12
    0.56250E+07    0.00000E+00    0.00000E+00    0.00000E+00    0.00000E+00    0.00000E+00   -0.12914E-12
    0.56300E+07    0.00000E+00    0.00000E+00    0.00000E+00    0.00000E+00    0.00000E+00   -0.12937E-12
    0.56350E+07    0.00000E+00    0.00000E+00    0.00000E+00    0.00000E+00    0.00000E+00   -0.12960E-12
    0.56400E+07    0.00000E+00    0.00000E+00    0.00000E+00    0.00000E+00    0.00000E+00   -0.12983E-12
    0.56450E+07    0.00000E+00    0.00000E+00    0.00000E+00    0.00000E+00    0.00000E+00   -0.13006E-12
    0.56500E+07    0.00000E+00    0.00000E+00    0.00000E+00    0.00000E+00    0.00000E+00   -0.13029E-12
    0.56550E+07    0.00000E+00    0.00000E+00    0.00000E+00    0.00000E+00    0.00000E+00   -0.13052E-12
    0.56600E+07    0.00000E+00    0.00000E+00    0.00000E+00    0.00000E+00    0.00000E+00   -0.13075E-12
    0.56650E+07    0.00000E+00    0.00000E+00    0.00000E+00    0.00000E+00    0.00000E+00   -0.13098E-12
    0.56700E+07    0.00000E+00    0.00000E+00    0.00000E+00    0.00000E+00    0.00000E+00   -0.13121E-12
    0.56750E+07    0.70936E-30    0.15771E-30    0.10702E-32   -0.15763E-30   -0.63402E-27   -0.13144E-12
    0.56800E+07    0.12488E-29    0.27813E-30    0.18788E-32   -0.27797E-30   -0.11152E-26   -0.13167E-12
    0.56850E+07    0.21945E-29    0.48995E-30    0.32998E-32   -0.48960E-30   -0.19612E-26   -0.13191E-12
    0.56900E+07    0.38487E-29    0.86131E-30    0.57910E-32   -0.86062E-30   -0.34439E-26   -0.13214E-12
    0.56950E+07    0.67359E-29    0.15106E-29    0.10149E-31   -0.15093E-29   -0.60346E-26   -0.13237E-12
    0.57000E+07    0.11763E-28    0.26429E-29    0.17754E-31   -0.26404E-29   -0.10549E-25   -0.13260E-12
    0.57050E+07    0.20497E-28    0.46125E-29    0.30995E-31   -0.46077E-29   -0.18396E-25   -0.13284E-12
    0.57100E+07    0.35630E-28    0.80301E-29    0.53995E-31   -0.80211E-29   -0.31999E-25   -0.13307E-12
    0.57149E+07    0.61324E-28    0.13841E-28    0.93142E-31   -0.13824E-28   -0.55101E-25   -0.13330E-12
    0.57199E+07    0.10527E-27    0.23794E-28    0.16027E-30   -0.23763E-28   -0.94627E-25   -0.13353E-12
    0.57199E+07    0.12782E-27    0.28632E-28    0.13666E-30   -0.27750E-28   -0.10086E-24   -0.13353E-12
    0.57200E+07    0.12971E-27    0.29189E-28    0.13973E-30   -0.28322E-28   -0.10320E-24   -0.13354E-12
    0.57250E+07    0.22318E-27    0.54710E-28    0.28926E-30   -0.54215E-28   -0.21096E-24   -0.13377E-12
    0.57300E+07    0.38282E-27    0.94600E-28    0.54311E-30   -0.94294E-28   -0.37920E-24   -0.13400E-12
    0.57350E+07    0.65245E-27    0.15877E-27    0.97153E-30   -0.15856E-27   -0.64837E-24   -0.13424E-12
    0.57400E+07    0.11069E-26    0.26401E-27    0.16928E-29   -0.26383E-27   -0.10875E-23   -0.13447E-12
    0.57450E+07    0.18721E-26    0.43845E-27    0.29058E-29   -0.43828E-27   -0.18123E-23   -0.13471E-12
    0.57500E+07    0.31588E-26    0.72914E-27    0.49446E-29   -0.72893E-27   -0.30156E-23   -0.13494E-12
    0.57550E+07    0.53189E-26    0.12146E-26    0.83684E-29   -0.12143E-26   -0.50185E-23   -0.13518E-12
    0.57600E+07    0.89402E-26    0.20258E-26    0.14112E-28   -0.20254E-26   -0.83549E-23   -0.13541E-12
    0.57650E+07    0.15001E-25    0.33807E-26    0.23735E-28   -0.33800E-26   -0.13910E-22   -0.13565E-12
    0.57700E+07    0.25132E-25    0.56417E-26    0.39835E-28   -0.56406E-26   -0.23153E-22   -0.13588E-12
    0.57750E+07    0.42036E-25    0.94103E-26    0.66733E-28   -0.94084E-26   -0.38513E-22   -0.13612E-12
    0.57800E+07    0.70199E-25    0.15683E-25    0.11161E-27   -0.15680E-25   -0.64003E-22   -0.13635E-12
    0.57850E+07    0.11705E-24    0.26109E-25    0.18636E-27   -0.26104E-25   -0.10624E-21   -0.13659E-12
    0.57900E+07    0.19485E-24    0.43411E-25    0.31067E-27   -0.43401E-25   -0.17611E-21   -0.13682E-12
    0.57950E+07    0.32386E-24    0.72078E-25    0.51709E-27   -0.72061E-25   -0.29152E-21   -0.13706E-12
    0.58000E+07    0.53740E-24    0.11950E-24    0.85928E-27   -0.11947E-24   -0.48181E-21   -0.13730E-12
    0.58050E+07    0.89028E-24    0.19781E-24    0.14256E-26   -0.19775E-24   -0.79505E-21   -0.13753E-12
    0.58100E+07    0.14724E-23    0.32690E-24    0.23613E-26   -0.32681E-24   -0.13098E-20   -0.13777E-12
    0.58150E+07    0.24309E-23    0.53934E-24    0.39045E-26   -0.53918E-24   -0.21540E-20   -0.13801E-12
    0.58200E+07    0.40065E-23    0.88831E-24    0.64454E-26   -0.88803E-24   -0.35360E-20   -0.13825E-12
    0.58250E+07    0.65913E-23    0.14605E-23    0.10621E-25   -0.14600E-23   -0.57943E-20   -0.13848E-12
    0.58300E+07    0.10824E-22    0.23969E-23    0.17470E-25   -0.23961E-23   -0.94772E-20   -0.13872E-12
    0.58350E+07    0.17740E-22    0.39264E-23    0.28684E-25   -0.39249E-23   -0.15471E-19   -0.13896E-12
    0.58400E+07    0.29020E-22    0.64196E-23    0.47006E-25   -0.64168E-23   -0.25205E-19   -0.13920E-12
    0.58450E+07    0.47377E-22    0.10475E-22    0.76882E-25   -0.10470E-22   -0.40979E-19   -0.13944E-12
    0.58500E+07    0.77183E-22    0.17058E-22    0.12549E-24   -0.17049E-22   -0.66484E-19   -0.13967E-12
    0.58550E+07    0.12547E-21    0.27719E-22    0.20441E-24   -0.27703E-22   -0.10762E-18   -0.13991E-12
    0.58600E+07    0.20351E-21    0.44943E-22    0.33225E-24   -0.44915E-22   -0.17382E-18   -0.14015E-12
    0.58636E+07    0.28655E-21    0.63266E-22    0.46853E-24   -0.63224E-22   -0.24398E-18   -0.14032E-12
    0.58636E+07    0.29563E-21    0.65423E-22    0.45709E-24   -0.65266E-22   -0.25138E-18   -0.14032E-12
    0.58668E+07    0.40337E-21    0.90310E-22    0.63614E-24   -0.90160E-22   -0.34931E-18   -0.14048E-12
    0.58700E+07    0.54970E-21    0.12365E-21    0.87888E-24   -0.12350E-21   -0.48005E-18   -0.14063E-12
    0.58750E+07    0.88612E-21    0.19940E-21    0.14366E-23   -0.19922E-21   -0.77580E-18   -0.14087E-12
    0.58800E+07    0.14243E-20    0.31949E-21    0.23292E-23   -0.31924E-21   -0.12425E-17   -0.14111E-12
    0.58850E+07    0.22830E-20    0.51007E-21    0.37553E-23   -0.50970E-21   -0.19798E-17   -0.14135E-12
    0.58900E+07    0.36499E-20    0.81234E-21    0.60290E-23   -0.81176E-21   -0.31443E-17   -0.14159E-12
    0.58950E+07    0.58197E-20    0.12911E-20    0.96461E-23   -0.12901E-20   -0.49808E-17   -0.14183E-12
    0.59000E+07    0.92553E-20    0.20478E-20    0.15386E-22   -0.20462E-20   -0.78712E-17   -0.14207E-12
    0.59050E+07    0.14680E-19    0.32411E-20    0.24473E-22   -0.32385E-20   -0.12409E-16   -0.14231E-12
    0.59100E+07    0.23220E-19    0.51178E-20    0.38816E-22   -0.51134E-20   -0.19515E-16   -0.14255E-12
    0.59150E+07    0.36625E-19    0.80612E-20    0.61395E-22   -0.80536E-20   -0.30607E-16   -0.14280E-12
    0.59200E+07    0.57600E-19    0.12663E-19    0.96829E-22   -0.12650E-19   -0.47868E-16   -0.14304E-12
    0.59250E+07    0.90311E-19    0.19836E-19    0.15226E-21   -0.19814E-19   -0.74635E-16   -0.14328E-12
    0.59300E+07    0.14115E-18    0.30977E-19    0.23870E-21   -0.30938E-19   -0.11600E-15   -0.14352E-12
    0.59350E+07    0.21986E-18    0.48219E-19    0.37301E-21   -0.48153E-19   -0.17966E-15   -0.14376E-12
    0.59400E+07    0.34126E-18    0.74803E-19    0.58091E-21   -0.74689E-19   -0.27725E-15   -0.14401E-12
    0.59450E+07    0.52771E-18    0.11562E-18    0.90146E-21   -0.11542E-18   -0.42619E-15   -0.14425E-12
    0.59500E+07    0.81275E-18    0.17803E-18    0.13936E-20   -0.17768E-18   -0.65241E-15   -0.14449E-12
    0.59529E+07    0.10407E-17    0.22792E-18    0.17884E-20   -0.22745E-18   -0.83234E-15   -0.14463E-12
    0.59558E+07    0.13306E-17    0.29141E-18    0.22920E-20   -0.29076E-18   -0.10603E-14   -0.14477E-12
    0.59558E+07    0.14461E-17    0.31083E-18    0.21228E-20   -0.30153E-18   -0.10169E-14   -0.14477E-12
    0.59600E+07    0.20824E-17    0.46508E-18    0.32865E-20   -0.45377E-18   -0.15758E-14   -0.14498E-12
    0.59650E+07    0.31939E-17    0.72005E-18    0.52937E-20   -0.70442E-18   -0.24966E-14   -0.14522E-12
    0.59700E+07    0.48772E-17    0.10919E-17    0.83130E-20   -0.10694E-17   -0.38345E-14   -0.14546E-12
    0.59750E+07    0.74191E-17    0.16403E-17    0.12856E-19   -0.16072E-17   -0.58018E-14   -0.14570E-12
    0.59800E+07    0.11250E-16    0.24540E-17    0.19688E-19   -0.24051E-17   -0.87164E-14   -0.14595E-12
    0.59850E+07    0.17014E-16    0.36657E-17    0.29959E-19   -0.35931E-17   -0.13052E-13   -0.14619E-12
    0.59900E+07    0.25675E-16    0.54724E-17    0.45386E-19   -0.53644E-17   -0.19515E-13   -0.14643E-12
    0.59950E+07    0.38755E-16    0.81987E-17    0.68542E-19   -0.81167E-17   -0.29208E-13   -0.14667E-12
    0.60000E+07    0.58238E-16    0.12260E-16    0.10317E-18   -0.12256E-16   -0.43605E-13   -0.14690E-12
    0.60050E+07    0.86906E-16    0.18203E-16    0.15464E-18   -0.18198E-16   -0.64729E-13   -0.14713E-12
    0.60100E+07    0.12931E-15    0.26952E-16    0.23093E-18   -0.26945E-16   -0.95777E-13   -0.14736E-12
    0.60150E+07    0.19182E-15    0.39801E-16    0.34366E-18   -0.39791E-16   -0.14132E-12   -0.14757E-12
    0.60200E+07    0.28372E-15    0.58624E-16    0.50979E-18   -0.58607E-16   -0.20793E-12   -0.14777E-12
    0.60250E+07    0.41841E-15    0.86117E-16    0.75393E-18   -0.86092E-16   -0.30511E-12   -0.14796E-12
    0.60300E+07    0.61522E-15    0.12616E-15    0.11116E-17   -0.12612E-15   -0.44645E-12   -0.14811E-12
    0.60350E+07    0.90193E-15    0.18429E-15    0.16341E-17   -0.18423E-15   -0.65139E-12   -0.14823E-12
    0.60400E+07    0.13183E-14    0.26844E-15    0.23951E-17   -0.26834E-15   -0.94764E-12   -0.14828E-12
    0.60450E+07    0.19211E-14    0.38983E-15    0.34998E-17   -0.38968E-15   -0.13745E-11   -0.14825E-12
    0.60500E+07    0.27911E-14    0.56439E-15    0.50986E-17   -0.56416E-15   -0.19875E-11   -0.14811E-12
    0.60550E+07    0.40428E-14    0.81458E-15    0.74053E-17   -0.81423E-15   -0.28649E-11   -0.14779E-12
    0.60600E+07    0.58376E-14    0.11720E-14    0.10722E-16   -0.11714E-14   -0.41166E-11   -0.14724E-12
    0.60650E+07    0.84030E-14    0.16807E-14    0.15477E-16   -0.16799E-14   -0.58962E-11   -0.14636E-12
    0.60700E+07    0.12058E-13    0.24024E-14    0.22270E-16   -0.24013E-14   -0.84174E-11   -0.14501E-12
    0.60750E+07    0.17247E-13    0.34227E-14    0.31942E-16   -0.34210E-14   -0.11977E-10   -0.14301E-12
    0.60800E+07    0.24590E-13    0.48599E-14    0.45668E-16   -0.48573E-14   -0.16984E-10   -0.14010E-12
    0.60850E+07    0.34945E-13    0.68771E-14    0.65079E-16   -0.68732E-14   -0.24002E-10   -0.13593E-12
    0.60900E+07    0.49498E-13    0.96978E-14    0.92435E-16   -0.96921E-14   -0.33803E-10   -0.13004E-12
    0.60950E+07    0.69879E-13    0.13628E-13    0.13085E-15   -0.13619E-13   -0.47439E-10   -0.12177E-12
    0.61000E+07    0.98318E-13    0.19082E-13    0.18461E-15   -0.19070E-13   -0.66340E-10   -0.11024E-12
    0.61050E+07    0.13786E-12    0.26623E-13    0.25956E-15   -0.26605E-13   -0.92436E-10   -0.94289E-13
    0.61100E+07    0.19264E-12    0.37009E-13    0.36369E-15   -0.36983E-13   -0.12833E-09   -0.72326E-13
    0.61150E+07    0.26826E-12    0.51256E-13    0.50779E-15   -0.51219E-13   -0.17750E-09   -0.42248E-13
    0.61200E+07    0.37223E-12    0.70721E-13    0.70649E-15   -0.70668E-13   -0.24458E-09   -0.12591E-14
    0.61250E+07    0.51467E-12    0.97206E-13    0.97939E-15   -0.97130E-13   -0.33573E-09    0.54332E-13
    0.61300E+07    0.70905E-12    0.13310E-12    0.13528E-14   -0.13299E-12   -0.45909E-09    0.12938E-12
    0.61350E+07    0.97329E-12    0.18152E-12    0.18616E-14   -0.18137E-12   -0.62531E-09    0.23023E-12
    0.61400E+07    0.13311E-11    0.24659E-12    0.25524E-14   -0.24638E-12   -0.84834E-09    0.36513E-12
    0.61450E+07    0.18137E-11    0.33364E-12    0.34863E-14   -0.33334E-12   -0.11463E-08    0.54474E-12
    0.61500E+07    0.24620E-11    0.44957E-12    0.47437E-14   -0.44916E-12   -0.15427E-08    0.78282E-12
    0.61550E+07    0.33294E-11    0.60331E-12    0.64298E-14   -0.60274E-12   -0.20676E-08    0.10969E-11
    0.61600E+07    0.44853E-11    0.80624E-12    0.86815E-14   -0.80546E-12   -0.27597E-08    0.15094E-11
    0.61650E+07    0.60195E-11    0.10729E-11    0.11676E-13   -0.10719E-11   -0.36681E-08    0.20486E-11
    0.61700E+07    0.80472E-11    0.14217E-11    0.15641E-13   -0.14203E-11   -0.48551E-08    0.27501E-11
    0.61750E+07    0.10717E-10    0.18759E-11    0.20870E-13   -0.18740E-11   -0.63990E-08    0.36587E-11
    0.61800E+07    0.14217E-10    0.24646E-11    0.27736E-13   -0.24620E-11   -0.83981E-08    0.48298E-11
    0.61850E+07    0.18787E-10    0.32240E-11    0.36714E-13   -0.32206E-11   -0.10975E-07    0.63326E-11
    0.61900E+07    0.24732E-10    0.41992E-11    0.48406E-13   -0.41948E-11   -0.14283E-07    0.82523E-11
    0.61950E+07    0.32434E-10    0.54460E-11    0.63570E-13   -0.54404E-11   -0.18511E-07    0.10694E-10
    0.62000E+07    0.42377E-10    0.70330E-11    0.83158E-13   -0.70259E-11   -0.23891E-07    0.13787E-10
    0.62049E+07    0.54994E-10    0.90175E-11    0.10802E-12   -0.90086E-11   -0.30621E-07    0.17637E-10
    0.62049E+07    0.56027E-10    0.93256E-11    0.10901E-12   -0.93521E-11   -0.32101E-07    0.18021E-10
    0.62075E+07    0.63497E-10    0.10557E-10    0.12565E-12   -0.10496E-10   -0.36536E-07    0.20244E-10
    0.62100E+07    0.71952E-10    0.11895E-10    0.14416E-12   -0.11721E-10   -0.41327E-07    0.22780E-10
    0.62150E+07    0.92235E-10    0.14997E-10    0.18734E-12   -0.14648E-10   -0.52222E-07    0.28810E-10
    0.62200E+07    0.11798E-09    0.18790E-10    0.24125E-12   -0.18186E-10   -0.65379E-07    0.36482E-10
    0.62250E+07    0.15063E-09    0.23480E-10    0.30878E-12   -0.22516E-10   -0.81473E-07    0.46257E-10
    0.62300E+07    0.19200E-09    0.29327E-10    0.39362E-12   -0.27858E-10   -0.10135E-06    0.58705E-10
    0.62350E+07    0.24440E-09    0.36654E-10    0.50044E-12   -0.34489E-10   -0.12604E-06    0.74557E-10
    0.62400E+07    0.31072E-09    0.45870E-10    0.63513E-12   -0.42749E-10   -0.15687E-06    0.94744E-10
    0.62450E+07    0.39466E-09    0.57490E-10    0.80518E-12   -0.53064E-10   -0.19545E-06    0.12045E-09
    0.62500E+07    0.50089E-09    0.72166E-10    0.10201E-11   -0.65966E-10   -0.24384E-06    0.15319E-09
    0.62550E+07    0.63533E-09    0.90726E-10    0.12920E-11   -0.82125E-10   -0.30465E-06    0.19492E-09
    0.62600E+07    0.80553E-09    0.11422E-09    0.16361E-11   -0.10238E-09   -0.38113E-06    0.24810E-09
    0.62650E+07    0.10211E-08    0.14400E-09    0.20720E-11   -0.12780E-09   -0.47746E-06    0.31595E-09
    0.62700E+07    0.12942E-08    0.18178E-09    0.26247E-11   -0.15972E-09   -0.59892E-06    0.40258E-09
    0.62750E+07    0.16406E-08    0.22975E-09    0.33261E-11   -0.19984E-09   -0.75227E-06    0.51330E-09
    0.62800E+07    0.20803E-08    0.29072E-09    0.42171E-11   -0.25033E-09   -0.94613E-06    0.65500E-09
    0.62850E+07    0.26388E-08    0.36834E-09    0.53503E-11   -0.31392E-09   -0.11916E-05    0.83663E-09
    0.62900E+07    0.33495E-08    0.46730E-09    0.67936E-11   -0.39416E-09   -0.15031E-05    0.10699E-08
    0.62950E+07    0.42550E-08    0.59370E-09    0.86350E-11   -0.49556E-09   -0.18991E-05    0.13701E-08
    0.63000E+07    0.54117E-08    0.75550E-09    0.10989E-10   -0.62397E-09   -0.24041E-05    0.17581E-08
    0.63025E+07    0.60990E-08    0.85286E-09    0.12380E-10   -0.70478E-09   -0.27047E-05    0.19873E-08
    0.63025E+07    0.52789E-08    0.76676E-09    0.13230E-10   -0.63053E-09   -0.24225E-05    0.16375E-08
    0.63062E+07    0.62947E-08    0.86994E-09    0.14352E-10   -0.72386E-09   -0.25739E-05    0.19989E-08
    0.63100E+07    0.74226E-08    0.10093E-08    0.15813E-10   -0.84158E-09   -0.28123E-05    0.23860E-08
    0.63150E+07    0.90626E-08    0.12440E-08    0.18180E-10   -0.10302E-08   -0.32188E-05    0.29023E-08
    0.63200E+07    0.10796E-07    0.15218E-08    0.20801E-10   -0.12408E-08   -0.36541E-05    0.33548E-08
    0.63250E+07    0.12471E-07    0.18145E-08    0.23205E-10   -0.14404E-08   -0.39972E-05    0.36293E-08
    0.63300E+07    0.13826E-07    0.20736E-08    0.24560E-10   -0.15693E-08   -0.40703E-05    0.35525E-08
    0.63350E+07    0.14458E-07    0.22252E-08    0.23492E-10   -0.15289E-08   -0.36417E-05    0.28896E-08
    0.63400E+07    0.13846E-07    0.21707E-08    0.17863E-10   -0.11680E-08   -0.24745E-05    0.13782E-08
    0.63450E+07    0.11482E-07    0.18090E-08    0.45720E-11   -0.27376E-09   -0.48576E-06   -0.11468E-08
    0.63500E+07    0.72937E-08    0.11050E-08   -0.20486E-10    0.14206E-08    0.18501E-05   -0.44249E-08
    0.63545E+07    0.30683E-08    0.33898E-09   -0.56937E-10    0.38519E-08    0.26968E-05   -0.68694E-08
    0.63590E+07    0.20075E-08    0.25239E-10   -0.10934E-09    0.72386E-08   -0.13910E-05   -0.58658E-08
    0.63590E+07   -0.23750E-08    0.70507E-09   -0.75531E-10    0.90832E-08    0.25977E-05   -0.80894E-08
    0.63600E+07   -0.23267E-08    0.44134E-09   -0.84199E-10    0.97493E-08    0.22715E-05   -0.84498E-08
    0.63629E+07   -0.19008E-09    0.77690E-11   -0.11246E-09    0.11668E-07    0.39755E-06   -0.82462E-08
    0.63658E+07    0.63073E-08    0.34945E-09   -0.14408E-09    0.13373E-07   -0.34473E-05   -0.54674E-08
    0.63658E+07   -0.57657E-08    0.32401E-08   -0.17830E-10    0.94340E-08    0.36998E-05   -0.15947E-07
    0.63660E+07   -0.54457E-08    0.27559E-08   -0.18329E-10    0.91591E-08    0.34735E-05   -0.16946E-07
    0.63660E+07   -0.00000E+00    0.19081E-07   -0.00000E+00    0.64838E-08    0.45079E-05    0.16123E-08
    0.63710E+07    0.00000E+00    0.11272E-12    0.00000E+00   -0.11272E-12   -0.16907E-09   -0.30583E-07
