    0.10000E+01    0.00000E+00    0.00000E+00    0.00000E+00    0.00000E+00    0.00000E+00   -0.77776E-27
    0.20000E+05    0.00000E+00    0.00000E+00    0.00000E+00    0.00000E+00    0.00000E+00   -0.31110E-18
    0.40000E+05    0.00000E+00    0.00000E+00    0.00000E+00    0.00000E+00    0.00000E+00   -0.12444E-17
    0.60000E+05    0.00000E+00    0.00000E+00    0.00000E+00    0.00000E+00    0.00000E+00   -0.27999E-17
    0.80000E+05    0.00000E+00    0.00000E+00    0.00000E+00    0.00000E+00    0.00000E+00   -0.49777E-17
    0.10000E+06    0.00000E+00    0.00000E+00    0.00000E+00    0.00000E+00    0.00000E+00   -0.77776E-17
    0.12000E+06    0.00000E+00    0.00000E+00    0.00000E+00    0.00000E+00    0.00000E+00   -0.11200E-16
    0.14000E+06    0.00000E+00    0.00000E+00    0.00000E+00    0.00000E+00    0.00000E+00   -0.15244E-16
    0.16000E+06    0.00000E+00    0.00000E+00    0.00000E+00    0.00000E+00    0.00000E+00   -0.19911E-16
    0.18000E+06    0.00000E+00    0.00000E+00    0.00000E+00    0.00000E+00    0.00000E+00   -0.25199E-16
    0.20000E+06    0.00000E+00    0.00000E+00    0.00000E+00    0.00000E+00    0.00000E+00   -0.31110E-16
    0.22000E+06    0.00000E+00    0.00000E+00    0.00000E+00    0.00000E+00    0.00000E+00   -0.37644E-16
    0.24000E+06    0.00000E+00    0.00000E+00    0.00000E+00    0.00000E+00    0.00000E+00   -0.44799E-16
    0.26000E+06    0.00000E+00    0.00000E+00    0.00000E+00    0.00000E+00    0.00000E+00   -0.52576E-16
    0.28000E+06    0.00000E+00    0.00000E+00    0.00000E+00    0.00000E+00    0.00000E+00   -0.60976E-16
    0.30000E+06    0.00000E+00    0.00000E+00    0.00000E+00    0.00000E+00    0.00000E+00   -0.69998E-16
    0.32000E+06    0.00000E+00    0.00000E+00    0.00000E+00    0.00000E+00    0.00000E+00   -0.79642E-16
    0.34000E+06    0.00000E+00    0.00000E+00    0.00000E+00    0.00000E+00    0.00000E+00   -0.89909E-16
    0.36000E+06    0.00000E+00    0.00000E+00    0.00000E+00    0.00000E+00    0.00000E+00   -0.10080E-15
    0.38000E+06    0.00000E+00    0.00000E+00    0.00000E+00    0.00000E+00    0.00000E+00   -0.11231E-15
    0.40000E+06    0.00000E+00    0.00000E+00    0.00000E+00    0.00000E+00    0.00000E+00   -0.12444E-15
    0.42000E+06    0.00000E+00    0.00000E+00    0.00000E+00    0.00000E+00    0.00000E+00   -0.13720E-15
    0.44000E+06    0.00000E+00    0.00000E+00    0.00000E+00    0.00000E+00    0.00000E+00   -0.15057E-15
    0.46000E+06    0.00000E+00    0.00000E+00    0.00000E+00    0.00000E+00    0.00000E+00   -0.16457E-15
    0.48000E+06    0.00000E+00    0.00000E+00    0.00000E+00    0.00000E+00    0.00000E+00   -0.17920E-15
    0.50000E+06    0.00000E+00    0.00000E+00    0.00000E+00    0.00000E+00    0.00000E+00   -0.19444E-15
    0.52000E+06    0.00000E+00    0.00000E+00    0.00000E+00    0.00000E+00    0.00000E+00   -0.21031E-15
    0.54000E+06    0.00000E+00    0.00000E+00    0.00000E+00    0.00000E+00    0.00000E+00   -0.22679E-15
    0.56000E+06    0.00000E+00    0.00000E+00    0.00000E+00    0.00000E+00    0.00000E+00   -0.24391E-15
    0.58000E+06    0.00000E+00    0.00000E+00    0.00000E+00    0.00000E+00    0.00000E+00   -0.26164E-15
    0.60000E+06    0.00000E+00    0.00000E+00    0.00000E+00    0.00000E+00    0.00000E+00   -0.27999E-15
    0.62000E+06    0.00000E+00    0.00000E+00    0.00000E+00    0.00000E+00    0.00000E+00   -0.29897E-15
    0.64000E+06    0.00000E+00    0.00000E+00    0.00000E+00    0.00000E+00    0.00000E+00   -0.31857E-15
    0.66000E+06    0.00000E+00    0.00000E+00    0.00000E+00    0.00000E+00    0.00000E+00   -0.33879E-15
    0.68000E+06    0.00000E+00    0.00000E+00    0.00000E+00    0.00000E+00    0.00000E+00   -0.35964E-15
    0.70000E+06    0.00000E+00    0.00000E+00    0.00000E+00    0.00000E+00    0.00000E+00   -0.38110E-15
    0.72000E+06    0.00000E+00    0.00000E+00    0.00000E+00    0.00000E+00    0.00000E+00   -0.40319E-15
    0.74000E+06    0.00000E+00    0.00000E+00    0.00000E+00    0.00000E+00    0.00000E+00   -0.42590E-15
    0.76000E+06    0.00000E+00    0.00000E+00    0.00000E+00    0.00000E+00    0.00000E+00   -0.44923E-15
    0.78000E+06    0.00000E+00    0.00000E+00    0.00000E+00    0.00000E+00    0.00000E+00   -0.47319E-15
    0.80000E+06    0.00000E+00    0.00000E+00    0.00000E+00    0.00000E+00    0.00000E+00   -0.49777E-15
    0.82000E+06    0.00000E+00    0.00000E+00    0.00000E+00    0.00000E+00    0.00000E+00   -0.52296E-15
    0.84000E+06    0.00000E+00    0.00000E+00    0.00000E+00    0.00000E+00    0.00000E+00   -0.54879E-15
    0.86000E+06    0.00000E+00    0.00000E+00    0.00000E+00    0.00000E+00    0.00000E+00   -0.57523E-15
    0.88000E+06    0.00000E+00    0.00000E+00    0.00000E+00    0.00000E+00    0.00000E+00   -0.60230E-15
    0.90000E+06    0.00000E+00    0.00000E+00    0.00000E+00    0.00000E+00    0.00000E+00   -0.62998E-15
    0.92000E+06    0.00000E+00    0.00000E+00    0.00000E+00    0.00000E+00    0.00000E+00   -0.65829E-15
    0.94000E+06    0.00000E+00    0.00000E+00    0.00000E+00    0.00000E+00    0.00000E+00   -0.68723E-15
    0.96000E+06    0.00000E+00    0.00000E+00    0.00000E+00    0.00000E+00    0.00000E+00   -0.71678E-15
    0.98000E+06    0.00000E+00    0.00000E+00    0.00000E+00    0.00000E+00    0.00000E+00   -0.74696E-15
    0.10000E+07    0.00000E+00    0.00000E+00    0.00000E+00    0.00000E+00    0.00000E+00   -0.77776E-15
    0.10200E+07    0.00000E+00    0.00000E+00    0.00000E+00    0.00000E+00    0.00000E+00   -0.80918E-15
    0.10400E+07    0.00000E+00    0.00000E+00    0.00000E+00    0.00000E+00    0.00000E+00   -0.84122E-15
    0.10600E+07    0.00000E+00    0.00000E+00    0.00000E+00    0.00000E+00    0.00000E+00   -0.87389E-15
    0.10800E+07    0.00000E+00    0.00000E+00    0.00000E+00    0.00000E+00    0.00000E+00   -0.90718E-15
    0.11000E+07    0.00000E+00    0.00000E+00    0.00000E+00    0.00000E+00    0.00000E+00   -0.94109E-15
    0.11200E+07    0.00000E+00    0.00000E+00    0.00000E+00    0.00000E+00    0.00000E+00   -0.97562E-15
    0.11400E+07    0.00000E+00    0.00000E+00    0.00000E+00    0.00000E+00    0.00000E+00   -0.10108E-14
    0.11600E+07    0.00000E+00    0.00000E+00    0.00000E+00    0.00000E+00    0.00000E+00   -0.10466E-14
    0.11800E+07    0.00000E+00    0.00000E+00    0.00000E+00    0.00000E+00    0.00000E+00   -0.10830E-14
    0.12000E+07    0.00000E+00    0.00000E+00    0.00000E+00    0.00000E+00    0.00000E+00   -0.11200E-14
    0.12200E+07    0.00000E+00    0.00000E+00    0.00000E+00    0.00000E+00    0.00000E+00   -0.11576E-14
    0.12215E+07    0.00000E+00    0.00000E+00    0.00000E+00    0.00000E+00    0.00000E+00   -0.11605E-14
    0.12215E+07    0.00000E+00    0.00000E+00    0.00000E+00    0.00000E+00    0.00000E+00   -0.11605E-14
    0.12400E+07    0.00000E+00    0.00000E+00    0.00000E+00    0.00000E+00    0.00000E+00   -0.11959E-14
    0.12600E+07    0.00000E+00    0.00000E+00    0.00000E+00    0.00000E+00    0.00000E+00   -0.12348E-14
    0.12800E+07    0.00000E+00    0.00000E+00    0.00000E+00    0.00000E+00    0.00000E+00   -0.12743E-14
    0.13000E+07    0.00000E+00    0.00000E+00    0.00000E+00    0.00000E+00    0.00000E+00   -0.13144E-14
    0.13200E+07    0.00000E+00    0.00000E+00    0.00000E+00    0.00000E+00    0.00000E+00   -0.13552E-14
    0.13400E+07    0.00000E+00    0.00000E+00    0.00000E+00    0.00000E+00    0.00000E+00   -0.13965E-14
    0.13600E+07    0.00000E+00    0.00000E+00    0.00000E+00    0.00000E+00    0.00000E+00   -0.14385E-14
    0.13800E+07    0.00000E+00    0.00000E+00    0.00000E+00    0.00000E+00    0.00000E+00   -0.14812E-14
    0.14000E+07    0.00000E+00    0.00000E+00    0.00000E+00    0.00000E+00    0.00000E+00   -0.15244E-14
    0.14200E+07    0.00000E+00    0.00000E+00    0.00000E+00    0.00000E+00    0.00000E+00   -0.15683E-14
    0.14400E+07    0.00000E+00    0.00000E+00    0.00000E+00    0.00000E+00    0.00000E+00   -0.16128E-14
    0.14600E+07    0.00000E+00    0.00000E+00    0.00000E+00    0.00000E+00    0.00000E+00   -0.16579E-14
    0.14800E+07    0.00000E+00    0.00000E+00    0.00000E+00    0.00000E+00    0.00000E+00   -0.17036E-14
    0.15000E+07    0.00000E+00    0.00000E+00    0.00000E+00    0.00000E+00    0.00000E+00   -0.17500E-14
    0.15200E+07    0.00000E+00    0.00000E+00    0.00000E+00    0.00000E+00    0.00000E+00   -0.17969E-14
    0.15400E+07    0.00000E+00    0.00000E+00    0.00000E+00    0.00000E+00    0.00000E+00   -0.18445E-14
    0.15600E+07    0.00000E+00    0.00000E+00    0.00000E+00    0.00000E+00    0.00000E+00   -0.18928E-14
    0.15800E+07    0.00000E+00    0.00000E+00    0.00000E+00    0.00000E+00    0.00000E+00   -0.19416E-14
    0.16000E+07    0.00000E+00    0.00000E+00    0.00000E+00    0.00000E+00    0.00000E+00   -0.19911E-14
    0.16200E+07    0.00000E+00    0.00000E+00    0.00000E+00    0.00000E+00    0.00000E+00   -0.20411E-14
    0.16400E+07    0.00000E+00    0.00000E+00    0.00000E+00    0.00000E+00    0.00000E+00   -0.20919E-14
    0.16600E+07    0.00000E+00    0.00000E+00    0.00000E+00    0.00000E+00    0.00000E+00   -0.21432E-14
    0.16800E+07    0.00000E+00    0.00000E+00    0.00000E+00    0.00000E+00    0.00000E+00   -0.21951E-14
    0.17000E+07    0.00000E+00    0.00000E+00    0.00000E+00    0.00000E+00    0.00000E+00   -0.22477E-14
    0.17200E+07    0.00000E+00    0.00000E+00    0.00000E+00    0.00000E+00    0.00000E+00   -0.23009E-14
    0.17400E+07    0.00000E+00    0.00000E+00    0.00000E+00    0.00000E+00    0.00000E+00   -0.23547E-14
    0.17600E+07    0.00000E+00    0.00000E+00    0.00000E+00    0.00000E+00    0.00000E+00   -0.24092E-14
    0.17800E+07    0.00000E+00    0.00000E+00    0.00000E+00    0.00000E+00    0.00000E+00   -0.24643E-14
    0.18000E+07    0.00000E+00    0.00000E+00    0.00000E+00    0.00000E+00    0.00000E+00   -0.25199E-14
    0.18200E+07    0.00000E+00    0.00000E+00    0.00000E+00    0.00000E+00    0.00000E+00   -0.25762E-14
    0.18400E+07    0.00000E+00    0.00000E+00    0.00000E+00    0.00000E+00    0.00000E+00   -0.26332E-14
    0.18600E+07    0.00000E+00    0.00000E+00    0.00000E+00    0.00000E+00    0.00000E+00   -0.26907E-14
    0.18800E+07    0.00000E+00    0.00000E+00    0.00000E+00    0.00000E+00    0.00000E+00   -0.27489E-14
    0.19000E+07    0.00000E+00    0.00000E+00    0.00000E+00    0.00000E+00    0.00000E+00   -0.28077E-14
    0.19200E+07    0.00000E+00    0.00000E+00    0.00000E+00    0.00000E+00    0.00000E+00   -0.28671E-14
    0.19400E+07    0.00000E+00    0.00000E+00    0.00000E+00    0.00000E+00    0.00000E+00   -0.29272E-14
    0.19600E+07    0.00000E+00    0.00000E+00    0.00000E+00    0.00000E+00    0.00000E+00   -0.29878E-14
    0.19800E+07    0.00000E+00    0.00000E+00    0.00000E+00    0.00000E+00    0.00000E+00   -0.30491E-14
    0.20000E+07    0.00000E+00    0.00000E+00    0.00000E+00    0.00000E+00    0.00000E+00   -0.31110E-14
    0.20200E+07    0.00000E+00    0.00000E+00    0.00000E+00    0.00000E+00    0.00000E+00   -0.31736E-14
    0.20400E+07    0.00000E+00    0.00000E+00    0.00000E+00    0.00000E+00    0.00000E+00   -0.32367E-14
    0.20600E+07    0.00000E+00    0.00000E+00    0.00000E+00    0.00000E+00    0.00000E+00   -0.33005E-14
    0.20800E+07    0.00000E+00    0.00000E+00    0.00000E+00    0.00000E+00    0.00000E+00   -0.33649E-14
    0.21000E+07    0.00000E+00    0.00000E+00    0.00000E+00    0.00000E+00    0.00000E+00   -0.34299E-14
    0.21200E+07    0.00000E+00    0.00000E+00    0.00000E+00    0.00000E+00    0.00000E+00   -0.34956E-14
    0.21400E+07    0.00000E+00    0.00000E+00    0.00000E+00    0.00000E+00    0.00000E+00   -0.35618E-14
    0.21600E+07    0.00000E+00    0.00000E+00    0.00000E+00    0.00000E+00    0.00000E+00   -0.36287E-14
    0.21800E+07    0.00000E+00    0.00000E+00    0.00000E+00    0.00000E+00    0.00000E+00   -0.36962E-14
    0.22000E+07    0.00000E+00    0.00000E+00    0.00000E+00    0.00000E+00    0.00000E+00   -0.37644E-14
    0.22200E+07    0.00000E+00    0.00000E+00    0.00000E+00    0.00000E+00    0.00000E+00   -0.38331E-14
    0.22400E+07    0.00000E+00    0.00000E+00    0.00000E+00    0.00000E+00    0.00000E+00   -0.39025E-14
    0.22600E+07    0.00000E+00    0.00000E+00    0.00000E+00    0.00000E+00    0.00000E+00   -0.39725E-14
    0.22800E+07    0.00000E+00    0.00000E+00    0.00000E+00    0.00000E+00    0.00000E+00   -0.40431E-14
    0.23000E+07    0.00000E+00    0.00000E+00    0.00000E+00    0.00000E+00    0.00000E+00   -0.41143E-14
    0.23200E+07    0.00000E+00    0.00000E+00    0.00000E+00    0.00000E+00    0.00000E+00   -0.41862E-14
    0.23400E+07    0.00000E+00    0.00000E+00    0.00000E+00    0.00000E+00    0.00000E+00   -0.42587E-14
    0.23600E+07    0.00000E+00    0.00000E+00    0.00000E+00    0.00000E+00    0.00000E+00   -0.43318E-14
    0.23800E+07    0.00000E+00    0.00000E+00    0.00000E+00    0.00000E+00    0.00000E+00   -0.44055E-14
    0.24000E+07    0.00000E+00    0.00000E+00    0.00000E+00    0.00000E+00    0.00000E+00   -0.44799E-14
    0.24200E+07    0.00000E+00    0.00000E+00    0.00000E+00    0.00000E+00    0.00000E+00   -0.45549E-14
    0.24400E+07    0.00000E+00    0.00000E+00    0.00000E+00    0.00000E+00    0.00000E+00   -0.46305E-14
    0.24600E+07    0.00000E+00    0.00000E+00    0.00000E+00    0.00000E+00    0.00000E+00   -0.47067E-14
    0.24800E+07    0.00000E+00    0.00000E+00    0.00000E+00    0.00000E+00    0.00000E+00   -0.47835E-14
    0.25000E+07    0.00000E+00    0.00000E+00    0.00000E+00    0.00000E+00    0.00000E+00   -0.48610E-14
    0.25200E+07    0.00000E+00    0.00000E+00    0.00000E+00    0.00000E+00    0.00000E+00   -0.49391E-14
    0.25400E+07    0.00000E+00    0.00000E+00    0.00000E+00    0.00000E+00    0.00000E+00   -0.50178E-14
    0.25600E+07    0.00000E+00    0.00000E+00    0.00000E+00    0.00000E+00    0.00000E+00   -0.50971E-14
    0.25800E+07    0.00000E+00    0.00000E+00    0.00000E+00    0.00000E+00    0.00000E+00   -0.51771E-14
    0.26000E+07    0.00000E+00    0.00000E+00    0.00000E+00    0.00000E+00    0.00000E+00   -0.52576E-14
    0.26200E+07    0.00000E+00    0.00000E+00    0.00000E+00    0.00000E+00    0.00000E+00   -0.53388E-14
    0.26400E+07    0.00000E+00    0.00000E+00    0.00000E+00    0.00000E+00    0.00000E+00   -0.54207E-14
    0.26600E+07    0.00000E+00    0.00000E+00    0.00000E+00    0.00000E+00    0.00000E+00   -0.55031E-14
    0.26800E+07    0.00000E+00    0.00000E+00    0.00000E+00    0.00000E+00    0.00000E+00   -0.55862E-14
    0.27000E+07    0.00000E+00    0.00000E+00    0.00000E+00    0.00000E+00    0.00000E+00   -0.56699E-14
    0.27200E+07    0.00000E+00    0.00000E+00    0.00000E+00    0.00000E+00    0.00000E+00   -0.57542E-14
    0.27400E+07    0.00000E+00    0.00000E+00    0.00000E+00    0.00000E+00    0.00000E+00   -0.58391E-14
    0.27600E+07    0.00000E+00    0.00000E+00    0.00000E+00    0.00000E+00    0.00000E+00   -0.59247E-14
    0.27800E+07    0.00000E+00    0.00000E+00    0.00000E+00    0.00000E+00    0.00000E+00   -0.60108E-14
    0.28000E+07    0.00000E+00    0.00000E+00    0.00000E+00    0.00000E+00    0.00000E+00   -0.60976E-14
    0.28200E+07    0.00000E+00    0.00000E+00    0.00000E+00    0.00000E+00    0.00000E+00   -0.61850E-14
    0.28400E+07    0.00000E+00    0.00000E+00    0.00000E+00    0.00000E+00    0.00000E+00   -0.62731E-14
    0.28600E+07    0.00000E+00    0.00000E+00    0.00000E+00    0.00000E+00    0.00000E+00   -0.63618E-14
    0.28800E+07    0.00000E+00    0.00000E+00    0.00000E+00    0.00000E+00    0.00000E+00   -0.64510E-14
    0.29000E+07    0.00000E+00    0.00000E+00    0.00000E+00    0.00000E+00    0.00000E+00   -0.65409E-14
    0.29200E+07    0.00000E+00    0.00000E+00    0.00000E+00    0.00000E+00    0.00000E+00   -0.66315E-14
    0.29400E+07    0.00000E+00    0.00000E+00    0.00000E+00    0.00000E+00    0.00000E+00   -0.67226E-14
    0.29600E+07    0.00000E+00    0.00000E+00    0.00000E+00    0.00000E+00    0.00000E+00   -0.68144E-14
    0.29800E+07    0.00000E+00    0.00000E+00    0.00000E+00    0.00000E+00    0.00000E+00   -0.69068E-14
    0.30000E+07    0.00000E+00    0.00000E+00    0.00000E+00    0.00000E+00    0.00000E+00   -0.69998E-14
    0.30200E+07    0.00000E+00    0.00000E+00    0.00000E+00    0.00000E+00    0.00000E+00   -0.70935E-14
    0.30400E+07    0.00000E+00    0.00000E+00    0.00000E+00    0.00000E+00    0.00000E+00   -0.71877E-14
    0.30600E+07    0.00000E+00    0.00000E+00    0.00000E+00    0.00000E+00    0.00000E+00   -0.72826E-14
    0.30800E+07    0.00000E+00    0.00000E+00    0.00000E+00    0.00000E+00    0.00000E+00   -0.73781E-14
    0.31000E+07    0.00000E+00    0.00000E+00    0.00000E+00    0.00000E+00    0.00000E+00   -0.74743E-14
    0.31200E+07    0.00000E+00    0.00000E+00    0.00000E+00    0.00000E+00    0.00000E+00   -0.75710E-14
    0.31400E+07    0.00000E+00    0.00000E+00    0.00000E+00    0.00000E+00    0.00000E+00   -0.76684E-14
    0.31600E+07    0.00000E+00    0.00000E+00    0.00000E+00    0.00000E+00    0.00000E+00   -0.77664E-14
    0.31800E+07    0.00000E+00    0.00000E+00    0.00000E+00    0.00000E+00    0.00000E+00   -0.78650E-14
    0.32000E+07    0.00000E+00    0.00000E+00    0.00000E+00    0.00000E+00    0.00000E+00   -0.79642E-14
    0.32200E+07    0.00000E+00    0.00000E+00    0.00000E+00    0.00000E+00    0.00000E+00   -0.80641E-14
    0.32400E+07    0.00000E+00    0.00000E+00    0.00000E+00    0.00000E+00    0.00000E+00   -0.81646E-14
    0.32600E+07    0.00000E+00    0.00000E+00    0.00000E+00    0.00000E+00    0.00000E+00   -0.82657E-14
    0.32800E+07    0.00000E+00    0.00000E+00    0.00000E+00    0.00000E+00    0.00000E+00   -0.83674E-14
    0.33000E+07    0.00000E+00    0.00000E+00    0.00000E+00    0.00000E+00    0.00000E+00   -0.84698E-14
    0.33200E+07    0.00000E+00    0.00000E+00    0.00000E+00    0.00000E+00    0.00000E+00   -0.85728E-14
    0.33400E+07    0.00000E+00    0.00000E+00    0.00000E+00    0.00000E+00    0.00000E+00   -0.86764E-14
    0.33600E+07    0.00000E+00    0.00000E+00    0.00000E+00    0.00000E+00    0.00000E+00   -0.87806E-14
    0.33800E+07    0.00000E+00    0.00000E+00    0.00000E+00    0.00000E+00    0.00000E+00   -0.88854E-14
    0.34000E+07    0.00000E+00    0.00000E+00    0.00000E+00    0.00000E+00    0.00000E+00   -0.89909E-14
    0.34200E+07    0.00000E+00    0.00000E+00    0.00000E+00    0.00000E+00    0.00000E+00   -0.90970E-14
    0.34400E+07    0.00000E+00    0.00000E+00    0.00000E+00    0.00000E+00    0.00000E+00   -0.92037E-14
    0.34600E+07    0.00000E+00    0.00000E+00    0.00000E+00    0.00000E+00    0.00000E+00   -0.93110E-14
    0.34800E+07    0.00000E+00    0.00000E+00    0.00000E+00    0.00000E+00    0.00000E+00   -0.94190E-14
    0.34800E+07    0.00000E+00    0.00000E+00    0.00000E+00    0.00000E+00    0.00000E+00   -0.94190E-14
    0.34850E+07    0.00000E+00    0.00000E+00    0.00000E+00    0.00000E+00    0.00000E+00   -0.94461E-14
    0.34900E+07    0.00000E+00    0.00000E+00    0.00000E+00    0.00000E+00    0.00000E+00   -0.94732E-14
    0.34950E+07    0.00000E+00    0.00000E+00    0.00000E+00    0.00000E+00    0.00000E+00   -0.95003E-14
    0.35000E+07    0.00000E+00    0.00000E+00    0.00000E+00    0.00000E+00    0.00000E+00   -0.95275E-14
    0.35050E+07    0.00000E+00    0.00000E+00    0.00000E+00    0.00000E+00    0.00000E+00   -0.95548E-14
    0.35100E+07    0.00000E+00    0.00000E+00    0.00000E+00    0.00000E+00    0.00000E+00   -0.95821E-14
    0.35150E+07    0.00000E+00    0.00000E+00    0.00000E+00    0.00000E+00    0.00000E+00   -0.96094E-14
    0.35200E+07    0.00000E+00    0.00000E+00    0.00000E+00    0.00000E+00    0.00000E+00   -0.96367E-14
    0.35250E+07    0.00000E+00    0.00000E+00    0.00000E+00    0.00000E+00    0.00000E+00   -0.96641E-14
    0.35300E+07    0.00000E+00    0.00000E+00    0.00000E+00    0.00000E+00    0.00000E+00   -0.96916E-14
    0.35350E+07    0.00000E+00    0.00000E+00    0.00000E+00    0.00000E+00    0.00000E+00   -0.97190E-14
    0.35400E+07    0.00000E+00    0.00000E+00    0.00000E+00    0.00000E+00    0.00000E+00   -0.97466E-14
    0.35450E+07    0.00000E+00    0.00000E+00    0.00000E+00    0.00000E+00    0.00000E+00   -0.97741E-14
    0.35500E+07    0.00000E+00    0.00000E+00    0.00000E+00    0.00000E+00    0.00000E+00   -0.98017E-14
    0.35550E+07    0.00000E+00    0.00000E+00    0.00000E+00    0.00000E+00    0.00000E+00   -0.98293E-14
    0.35600E+07    0.00000E+00    0.00000E+00    0.00000E+00    0.00000E+00    0.00000E+00   -0.98570E-14
    0.35650E+07    0.00000E+00    0.00000E+00    0.00000E+00    0.00000E+00    0.00000E+00   -0.98847E-14
    0.35700E+07    0.00000E+00    0.00000E+00    0.00000E+00    0.00000E+00    0.00000E+00   -0.99125E-14
    0.35750E+07    0.00000E+00    0.00000E+00    0.00000E+00    0.00000E+00    0.00000E+00   -0.99402E-14
    0.35800E+07    0.00000E+00    0.00000E+00    0.00000E+00    0.00000E+00    0.00000E+00   -0.99681E-14
    0.35850E+07    0.00000E+00    0.00000E+00    0.00000E+00    0.00000E+00    0.00000E+00   -0.99959E-14
    0.35900E+07    0.00000E+00    0.00000E+00    0.00000E+00    0.00000E+00    0.00000E+00   -0.10024E-13
    0.35950E+07    0.00000E+00    0.00000E+00    0.00000E+00    0.00000E+00    0.00000E+00   -0.10052E-13
    0.36000E+07    0.00000E+00    0.00000E+00    0.00000E+00    0.00000E+00    0.00000E+00   -0.10080E-13
    0.36050E+07    0.00000E+00    0.00000E+00    0.00000E+00    0.00000E+00    0.00000E+00   -0.10108E-13
    0.36100E+07    0.00000E+00    0.00000E+00    0.00000E+00    0.00000E+00    0.00000E+00   -0.10136E-13
    0.36150E+07    0.00000E+00    0.00000E+00    0.00000E+00    0.00000E+00    0.00000E+00   -0.10164E-13
    0.36200E+07    0.00000E+00    0.00000E+00    0.00000E+00    0.00000E+00    0.00000E+00   -0.10192E-13
    0.36250E+07    0.00000E+00    0.00000E+00    0.00000E+00    0.00000E+00    0.00000E+00   -0.10220E-13
    0.36300E+07    0.00000E+00    0.00000E+00    0.00000E+00    0.00000E+00    0.00000E+00   -0.10248E-13
    0.36300E+07    0.00000E+00    0.00000E+00    0.00000E+00    0.00000E+00    0.00000E+00   -0.10248E-13
    0.36350E+07    0.00000E+00    0.00000E+00    0.00000E+00    0.00000E+00    0.00000E+00   -0.10277E-13
    0.36400E+07    0.00000E+00    0.00000E+00    0.00000E+00    0.00000E+00    0.00000E+00   -0.10305E-13
    0.36450E+07    0.00000E+00    0.00000E+00    0.00000E+00    0.00000E+00    0.00000E+00   -0.10333E-13
    0.36500E+07    0.00000E+00    0.00000E+00    0.00000E+00    0.00000E+00    0.00000E+00   -0.10362E-13
    0.36550E+07    0.00000E+00    0.00000E+00    0.00000E+00    0.00000E+00    0.00000E+00   -0.10390E-13
    0.36600E+07    0.00000E+00    0.00000E+00    0.00000E+00    0.00000E+00    0.00000E+00   -0.10419E-13
    0.36650E+07    0.00000E+00    0.00000E+00    0.00000E+00    0.00000E+00    0.00000E+00   -0.10447E-13
    0.36700E+07    0.00000E+00    0.00000E+00    0.00000E+00    0.00000E+00    0.00000E+00   -0.10476E-13
    0.36750E+07    0.00000E+00    0.00000E+00    0.00000E+00    0.00000E+00    0.00000E+00   -0.10504E-13
    0.36800E+07    0.00000E+00    0.00000E+00    0.00000E+00    0.00000E+00    0.00000E+00   -0.10533E-13
    0.36850E+07    0.00000E+00    0.00000E+00    0.00000E+00    0.00000E+00    0.00000E+00   -0.10561E-13
    0.36900E+07    0.00000E+00    0.00000E+00    0.00000E+00    0.00000E+00    0.00000E+00   -0.10590E-13
    0.36950E+07    0.00000E+00    0.00000E+00    0.00000E+00    0.00000E+00    0.00000E+00   -0.10619E-13
    0.37000E+07    0.00000E+00    0.00000E+00    0.00000E+00    0.00000E+00    0.00000E+00   -0.10648E-13
    0.37050E+07    0.00000E+00    0.00000E+00    0.00000E+00    0.00000E+00    0.00000E+00   -0.10676E-13
    0.37100E+07    0.00000E+00    0.00000E+00    0.00000E+00    0.00000E+00    0.00000E+00   -0.10705E-13
    0.37150E+07    0.00000E+00    0.00000E+00    0.00000E+00    0.00000E+00    0.00000E+00   -0.10734E-13
    0.37200E+07    0.00000E+00    0.00000E+00    0.00000E+00    0.00000E+00    0.00000E+00   -0.10763E-13
    0.37250E+07    0.00000E+00    0.00000E+00    0.00000E+00    0.00000E+00    0.00000E+00   -0.10792E-13
    0.37300E+07    0.00000E+00    0.00000E+00    0.00000E+00    0.00000E+00    0.00000E+00   -0.10821E-13
    0.37350E+07    0.00000E+00    0.00000E+00    0.00000E+00    0.00000E+00    0.00000E+00   -0.10850E-13
    0.37400E+07    0.00000E+00    0.00000E+00    0.00000E+00    0.00000E+00    0.00000E+00   -0.10879E-13
    0.37450E+07    0.00000E+00    0.00000E+00    0.00000E+00    0.00000E+00    0.00000E+00   -0.10908E-13
    0.37500E+07    0.00000E+00    0.00000E+00    0.00000E+00    0.00000E+00    0.00000E+00   -0.10937E-13
    0.37550E+07    0.00000E+00    0.00000E+00    0.00000E+00    0.00000E+00    0.00000E+00   -0.10966E-13
    0.37600E+07    0.00000E+00    0.00000E+00    0.00000E+00    0.00000E+00    0.00000E+00   -0.10996E-13
    0.37650E+07    0.00000E+00    0.00000E+00    0.00000E+00    0.00000E+00    0.00000E+00   -0.11025E-13
    0.37700E+07    0.00000E+00    0.00000E+00    0.00000E+00    0.00000E+00    0.00000E+00   -0.11054E-13
    0.37750E+07    0.00000E+00    0.00000E+00    0.00000E+00    0.00000E+00    0.00000E+00   -0.11084E-13
    0.37800E+07    0.00000E+00    0.00000E+00    0.00000E+00    0.00000E+00    0.00000E+00   -0.11113E-13
    0.37850E+07    0.00000E+00    0.00000E+00    0.00000E+00    0.00000E+00    0.00000E+00   -0.11142E-13
    0.37900E+07    0.00000E+00    0.00000E+00    0.00000E+00    0.00000E+00    0.00000E+00   -0.11172E-13
    0.37950E+07    0.00000E+00    0.00000E+00    0.00000E+00    0.00000E+00    0.00000E+00   -0.11201E-13
    0.38000E+07    0.00000E+00    0.00000E+00    0.00000E+00    0.00000E+00    0.00000E+00   -0.11231E-13
    0.38050E+07    0.00000E+00    0.00000E+00    0.00000E+00    0.00000E+00    0.00000E+00   -0.11260E-13
    0.38100E+07    0.00000E+00    0.00000E+00    0.00000E+00    0.00000E+00    0.00000E+00   -0.11290E-13
    0.38150E+07    0.00000E+00    0.00000E+00    0.00000E+00    0.00000E+00    0.00000E+00   -0.11320E-13
    0.38200E+07    0.00000E+00    0.00000E+00    0.00000E+00    0.00000E+00    0.00000E+00   -0.11349E-13
    0.38250E+07    0.00000E+00    0.00000E+00    0.00000E+00    0.00000E+00    0.00000E+00   -0.11379E-13
    0.38300E+07    0.00000E+00    0.00000E+00    0.00000E+00    0.00000E+00    0.00000E+00   -0.11409E-13
    0.38350E+07    0.00000E+00    0.00000E+00    0.00000E+00    0.00000E+00    0.00000E+00   -0.11439E-13
    0.38400E+07    0.00000E+00    0.00000E+00    0.00000E+00    0.00000E+00    0.00000E+00   -0.11469E-13
    0.38450E+07    0.00000E+00    0.00000E+00    0.00000E+00    0.00000E+00    0.00000E+00   -0.11498E-13
    0.38500E+07    0.00000E+00    0.00000E+00    0.00000E+00    0.00000E+00    0.00000E+00   -0.11528E-13
    0.38550E+07    0.00000E+00    0.00000E+00    0.00000E+00    0.00000E+00    0.00000E+00   -0.11558E-13
    0.38600E+07    0.00000E+00    0.00000E+00    0.00000E+00    0.00000E+00    0.00000E+00   -0.11588E-13
    0.38650E+07    0.00000E+00    0.00000E+00    0.00000E+00    0.00000E+00    0.00000E+00   -0.11618E-13
    0.38700E+07    0.00000E+00    0.00000E+00    0.00000E+00    0.00000E+00    0.00000E+00   -0.11648E-13
    0.38750E+07    0.00000E+00    0.00000E+00    0.00000E+00    0.00000E+00    0.00000E+00   -0.11679E-13
    0.38800E+07    0.00000E+00    0.00000E+00    0.00000E+00    0.00000E+00    0.00000E+00   -0.11709E-13
    0.38850E+07    0.00000E+00    0.00000E+00    0.00000E+00    0.00000E+00    0.00000E+00   -0.11739E-13
    0.38900E+07    0.00000E+00    0.00000E+00    0.00000E+00    0.00000E+00    0.00000E+00   -0.11769E-13
    0.38950E+07    0.00000E+00    0.00000E+00    0.00000E+00    0.00000E+00    0.00000E+00   -0.11799E-13
    0.39000E+07    0.00000E+00    0.00000E+00    0.00000E+00    0.00000E+00    0.00000E+00   -0.11830E-13
    0.39050E+07    0.00000E+00    0.00000E+00    0.00000E+00    0.00000E+00    0.00000E+00   -0.11860E-13
    0.39100E+07    0.00000E+00    0.00000E+00    0.00000E+00    0.00000E+00    0.00000E+00   -0.11890E-13
    0.39150E+07    0.00000E+00    0.00000E+00    0.00000E+00    0.00000E+00    0.00000E+00   -0.11921E-13
    0.39200E+07    0.00000E+00    0.00000E+00    0.00000E+00    0.00000E+00    0.00000E+00   -0.11951E-13
    0.39250E+07    0.00000E+00    0.00000E+00    0.00000E+00    0.00000E+00    0.00000E+00   -0.11982E-13
    0.39300E+07    0.00000E+00    0.00000E+00    0.00000E+00    0.00000E+00    0.00000E+00   -0.12012E-13
    0.39350E+07    0.00000E+00    0.00000E+00    0.00000E+00    0.00000E+00    0.00000E+00   -0.12043E-13
    0.39400E+07    0.00000E+00    0.00000E+00    0.00000E+00    0.00000E+00    0.00000E+00   -0.12074E-13
    0.39450E+07    0.00000E+00    0.00000E+00    0.00000E+00    0.00000E+00    0.00000E+00   -0.12104E-13
    0.39500E+07    0.00000E+00    0.00000E+00    0.00000E+00    0.00000E+00    0.00000E+00   -0.12135E-13
    0.39550E+07    0.00000E+00    0.00000E+00    0.00000E+00    0.00000E+00    0.00000E+00   -0.12166E-13
    0.39600E+07    0.00000E+00    0.00000E+00    0.00000E+00    0.00000E+00    0.00000E+00   -0.12196E-13
    0.39650E+07    0.00000E+00    0.00000E+00    0.00000E+00    0.00000E+00    0.00000E+00   -0.12227E-13
    0.39700E+07    0.00000E+00    0.00000E+00    0.00000E+00    0.00000E+00    0.00000E+00   -0.12258E-13
    0.39750E+07    0.00000E+00    0.00000E+00    0.00000E+00    0.00000E+00    0.00000E+00   -0.12289E-13
    0.39800E+07    0.00000E+00    0.00000E+00    0.00000E+00    0.00000E+00    0.00000E+00   -0.12320E-13
    0.39850E+07    0.00000E+00    0.00000E+00    0.00000E+00    0.00000E+00    0.00000E+00   -0.12351E-13
    0.39900E+07    0.00000E+00    0.00000E+00    0.00000E+00    0.00000E+00    0.00000E+00   -0.12382E-13
    0.39950E+07    0.00000E+00    0.00000E+00    0.00000E+00    0.00000E+00    0.00000E+00   -0.12413E-13
    0.40000E+07    0.00000E+00    0.00000E+00    0.00000E+00    0.00000E+00    0.00000E+00   -0.12444E-13
    0.40050E+07    0.00000E+00    0.00000E+00    0.00000E+00    0.00000E+00    0.00000E+00   -0.12475E-13
    0.40100E+07    0.00000E+00    0.00000E+00    0.00000E+00    0.00000E+00    0.00000E+00   -0.12506E-13
    0.40150E+07    0.00000E+00    0.00000E+00    0.00000E+00    0.00000E+00    0.00000E+00   -0.12538E-13
    0.40200E+07    0.00000E+00    0.00000E+00    0.00000E+00    0.00000E+00    0.00000E+00   -0.12569E-13
    0.40250E+07    0.00000E+00    0.00000E+00    0.00000E+00    0.00000E+00    0.00000E+00   -0.12600E-13
    0.40300E+07    0.00000E+00    0.00000E+00    0.00000E+00    0.00000E+00    0.00000E+00   -0.12631E-13
    0.40350E+07    0.00000E+00    0.00000E+00    0.00000E+00    0.00000E+00    0.00000E+00   -0.12663E-13
    0.40400E+07    0.00000E+00    0.00000E+00    0.00000E+00    0.00000E+00    0.00000E+00   -0.12694E-13
    0.40450E+07    0.00000E+00    0.00000E+00    0.00000E+00    0.00000E+00    0.00000E+00   -0.12726E-13
    0.40500E+07    0.00000E+00    0.00000E+00    0.00000E+00    0.00000E+00    0.00000E+00   -0.12757E-13
    0.40550E+07    0.00000E+00    0.00000E+00    0.00000E+00    0.00000E+00    0.00000E+00   -0.12789E-13
    0.40600E+07    0.00000E+00    0.00000E+00    0.00000E+00    0.00000E+00    0.00000E+00   -0.12820E-13
    0.40650E+07    0.00000E+00    0.00000E+00    0.00000E+00    0.00000E+00    0.00000E+00   -0.12852E-13
    0.40700E+07    0.00000E+00    0.00000E+00    0.00000E+00    0.00000E+00    0.00000E+00   -0.12883E-13
    0.40750E+07    0.00000E+00    0.00000E+00    0.00000E+00    0.00000E+00    0.00000E+00   -0.12915E-13
    0.40800E+07    0.00000E+00    0.00000E+00    0.00000E+00    0.00000E+00    0.00000E+00   -0.12947E-13
    0.40850E+07    0.00000E+00    0.00000E+00    0.00000E+00    0.00000E+00    0.00000E+00   -0.12979E-13
    0.40900E+07    0.00000E+00    0.00000E+00    0.00000E+00    0.00000E+00    0.00000E+00   -0.13010E-13
    0.40950E+07    0.00000E+00    0.00000E+00    0.00000E+00    0.00000E+00    0.00000E+00   -0.13042E-13
    0.41000E+07    0.00000E+00    0.00000E+00    0.00000E+00    0.00000E+00    0.00000E+00   -0.13074E-13
    0.41050E+07    0.00000E+00    0.00000E+00    0.00000E+00    0.00000E+00    0.00000E+00   -0.13106E-13
    0.41100E+07    0.00000E+00    0.00000E+00    0.00000E+00    0.00000E+00    0.00000E+00   -0.13138E-13
    0.41150E+07    0.00000E+00    0.00000E+00    0.00000E+00    0.00000E+00    0.00000E+00   -0.13170E-13
    0.41200E+07    0.00000E+00    0.00000E+00    0.00000E+00    0.00000E+00    0.00000E+00   -0.13202E-13
    0.41250E+07    0.00000E+00    0.00000E+00    0.00000E+00    0.00000E+00    0.00000E+00   -0.13234E-13
    0.41300E+07    0.00000E+00    0.00000E+00    0.00000E+00    0.00000E+00    0.00000E+00   -0.13266E-13
    0.41350E+07    0.00000E+00    0.00000E+00    0.00000E+00    0.00000E+00    0.00000E+00   -0.13298E-13
    0.41400E+07    0.00000E+00    0.00000E+00    0.00000E+00    0.00000E+00    0.00000E+00   -0.13330E-13
    0.41450E+07    0.00000E+00    0.00000E+00    0.00000E+00    0.00000E+00    0.00000E+00   -0.13363E-13
    0.41500E+07    0.00000E+00    0.00000E+00    0.00000E+00    0.00000E+00    0.00000E+00   -0.13395E-13
    0.41550E+07    0.00000E+00    0.00000E+00    0.00000E+00    0.00000E+00    0.00000E+00   -0.13427E-13
    0.41600E+07    0.00000E+00    0.00000E+00    0.00000E+00    0.00000E+00    0.00000E+00   -0.13460E-13
    0.41650E+07    0.00000E+00    0.00000E+00    0.00000E+00    0.00000E+00    0.00000E+00   -0.13492E-13
    0.41700E+07    0.00000E+00    0.00000E+00    0.00000E+00    0.00000E+00    0.00000E+00   -0.13524E-13
    0.41750E+07    0.00000E+00    0.00000E+00    0.00000E+00    0.00000E+00    0.00000E+00   -0.13557E-13
    0.41800E+07    0.00000E+00    0.00000E+00    0.00000E+00    0.00000E+00    0.00000E+00   -0.13589E-13
    0.41850E+07    0.00000E+00    0.00000E+00    0.00000E+00    0.00000E+00    0.00000E+00   -0.13622E-13
    0.41900E+07    0.00000E+00    0.00000E+00    0.00000E+00    0.00000E+00    0.00000E+00   -0.13654E-13
    0.41950E+07    0.00000E+00    0.00000E+00    0.00000E+00    0.00000E+00    0.00000E+00   -0.13687E-13
    0.42000E+07    0.00000E+00    0.00000E+00    0.00000E+00    0.00000E+00    0.00000E+00   -0.13720E-13
    0.42050E+07    0.00000E+00    0.00000E+00    0.00000E+00    0.00000E+00    0.00000E+00   -0.13752E-13
    0.42100E+07    0.00000E+00    0.00000E+00    0.00000E+00    0.00000E+00    0.00000E+00   -0.13785E-13
    0.42150E+07    0.00000E+00    0.00000E+00    0.00000E+00    0.00000E+00    0.00000E+00   -0.13818E-13
    0.42200E+07    0.00000E+00    0.00000E+00    0.00000E+00    0.00000E+00    0.00000E+00   -0.13851E-13
    0.42250E+07    0.00000E+00    0.00000E+00    0.00000E+00    0.00000E+00    0.00000E+00   -0.13883E-13
    0.42300E+07    0.00000E+00    0.00000E+00    0.00000E+00    0.00000E+00    0.00000E+00   -0.13916E-13
    0.42350E+07    0.00000E+00    0.00000E+00    0.00000E+00    0.00000E+00    0.00000E+00   -0.13949E-13
    0.42400E+07    0.00000E+00    0.00000E+00    0.00000E+00    0.00000E+00    0.00000E+00   -0.13982E-13
    0.42450E+07    0.00000E+00    0.00000E+00    0.00000E+00    0.00000E+00    0.00000E+00   -0.14015E-13
    0.42500E+07    0.00000E+00    0.00000E+00    0.00000E+00    0.00000E+00    0.00000E+00   -0.14048E-13
    0.42550E+07    0.00000E+00    0.00000E+00    0.00000E+00    0.00000E+00    0.00000E+00   -0.14081E-13
    0.42600E+07    0.00000E+00    0.00000E+00    0.00000E+00    0.00000E+00    0.00000E+00   -0.14114E-13
    0.42650E+07    0.00000E+00    0.00000E+00    0.00000E+00    0.00000E+00    0.00000E+00   -0.14148E-13
    0.42700E+07    0.00000E+00    0.00000E+00    0.00000E+00    0.00000E+00    0.00000E+00   -0.14181E-13
    0.42750E+07    0.00000E+00    0.00000E+00    0.00000E+00    0.00000E+00    0.00000E+00   -0.14214E-13
    0.42800E+07    0.00000E+00    0.00000E+00    0.00000E+00    0.00000E+00    0.00000E+00   -0.14247E-13
    0.42850E+07    0.00000E+00    0.00000E+00    0.00000E+00    0.00000E+00    0.00000E+00   -0.14281E-13
    0.42900E+07    0.00000E+00    0.00000E+00    0.00000E+00    0.00000E+00    0.00000E+00   -0.14314E-13
    0.42950E+07    0.00000E+00    0.00000E+00    0.00000E+00    0.00000E+00    0.00000E+00   -0.14347E-13
    0.43000E+07    0.00000E+00    0.00000E+00    0.00000E+00    0.00000E+00    0.00000E+00   -0.14381E-13
    0.43050E+07    0.00000E+00    0.00000E+00    0.00000E+00    0.00000E+00    0.00000E+00   -0.14414E-13
    0.43100E+07    0.00000E+00    0.00000E+00    0.00000E+00    0.00000E+00    0.00000E+00   -0.14448E-13
    0.43150E+07    0.00000E+00    0.00000E+00    0.00000E+00    0.00000E+00    0.00000E+00   -0.14481E-13
    0.43200E+07    0.00000E+00    0.00000E+00    0.00000E+00    0.00000E+00    0.00000E+00   -0.14515E-13
    0.43250E+07    0.00000E+00    0.00000E+00    0.00000E+00    0.00000E+00    0.00000E+00   -0.14548E-13
    0.43300E+07    0.00000E+00    0.00000E+00    0.00000E+00    0.00000E+00    0.00000E+00   -0.14582E-13
    0.43350E+07    0.00000E+00    0.00000E+00    0.00000E+00    0.00000E+00    0.00000E+00   -0.14616E-13
    0.43400E+07    0.00000E+00    0.00000E+00    0.00000E+00    0.00000E+00    0.00000E+00   -0.14650E-13
    0.43450E+07    0.00000E+00    0.00000E+00    0.00000E+00    0.00000E+00    0.00000E+00   -0.14683E-13
    0.43500E+07    0.00000E+00    0.00000E+00    0.00000E+00    0.00000E+00    0.00000E+00   -0.14717E-13
    0.43550E+07    0.00000E+00    0.00000E+00    0.00000E+00    0.00000E+00    0.00000E+00   -0.14751E-13
    0.43600E+07    0.00000E+00    0.00000E+00    0.00000E+00    0.00000E+00    0.00000E+00   -0.14785E-13
    0.43650E+07    0.00000E+00    0.00000E+00    0.00000E+00    0.00000E+00    0.00000E+00   -0.14819E-13
    0.43700E+07    0.00000E+00    0.00000E+00    0.00000E+00    0.00000E+00    0.00000E+00   -0.14853E-13
    0.43750E+07    0.00000E+00    0.00000E+00    0.00000E+00    0.00000E+00    0.00000E+00   -0.14887E-13
    0.43800E+07    0.00000E+00    0.00000E+00    0.00000E+00    0.00000E+00    0.00000E+00   -0.14921E-13
    0.43850E+07    0.00000E+00    0.00000E+00    0.00000E+00    0.00000E+00    0.00000E+00   -0.14955E-13
    0.43900E+07    0.00000E+00    0.00000E+00    0.00000E+00    0.00000E+00    0.00000E+00   -0.14989E-13
    0.43950E+07    0.00000E+00    0.00000E+00    0.00000E+00    0.00000E+00    0.00000E+00   -0.15023E-13
    0.44000E+07    0.00000E+00    0.00000E+00    0.00000E+00    0.00000E+00    0.00000E+00   -0.15057E-13
    0.44050E+07    0.00000E+00    0.00000E+00    0.00000E+00    0.00000E+00    0.00000E+00   -0.15092E-13
    0.44100E+07    0.00000E+00    0.00000E+00    0.00000E+00    0.00000E+00    0.00000E+00   -0.15126E-13
    0.44150E+07    0.00000E+00    0.00000E+00    0.00000E+00    0.00000E+00    0.00000E+00   -0.15160E-13
    0.44200E+07    0.00000E+00    0.00000E+00    0.00000E+00    0.00000E+00    0.00000E+00   -0.15195E-13
    0.44250E+07    0.00000E+00    0.00000E+00    0.00000E+00    0.00000E+00    0.00000E+00   -0.15229E-13
    0.44300E+07    0.00000E+00    0.00000E+00    0.00000E+00    0.00000E+00    0.00000E+00   -0.15263E-13
    0.44350E+07    0.00000E+00    0.00000E+00    0.00000E+00    0.00000E+00    0.00000E+00   -0.15298E-13
    0.44400E+07    0.00000E+00    0.00000E+00    0.00000E+00    0.00000E+00    0.00000E+00   -0.15332E-13
    0.44450E+07    0.00000E+00    0.00000E+00    0.00000E+00    0.00000E+00    0.00000E+00   -0.15367E-13
    0.44500E+07    0.00000E+00    0.00000E+00    0.00000E+00    0.00000E+00    0.00000E+00   -0.15402E-13
    0.44550E+07    0.00000E+00    0.00000E+00    0.00000E+00    0.00000E+00    0.00000E+00   -0.15436E-13
    0.44600E+07    0.00000E+00    0.00000E+00    0.00000E+00    0.00000E+00    0.00000E+00   -0.15471E-13
    0.44650E+07    0.00000E+00    0.00000E+00    0.00000E+00    0.00000E+00    0.00000E+00   -0.15506E-13
    0.44700E+07    0.00000E+00    0.00000E+00    0.00000E+00    0.00000E+00    0.00000E+00   -0.15540E-13
    0.44750E+07    0.00000E+00    0.00000E+00    0.00000E+00    0.00000E+00    0.00000E+00   -0.15575E-13
    0.44800E+07    0.00000E+00    0.00000E+00    0.00000E+00    0.00000E+00    0.00000E+00   -0.15610E-13
    0.44850E+07    0.00000E+00    0.00000E+00    0.00000E+00    0.00000E+00    0.00000E+00   -0.15645E-13
    0.44900E+07    0.00000E+00    0.00000E+00    0.00000E+00    0.00000E+00    0.00000E+00   -0.15680E-13
    0.44950E+07    0.00000E+00    0.00000E+00    0.00000E+00    0.00000E+00    0.00000E+00   -0.15715E-13
    0.45000E+07    0.00000E+00    0.00000E+00    0.00000E+00    0.00000E+00    0.00000E+00   -0.15750E-13
    0.45050E+07    0.00000E+00    0.00000E+00    0.00000E+00    0.00000E+00    0.00000E+00   -0.15785E-13
    0.45100E+07    0.00000E+00    0.00000E+00    0.00000E+00    0.00000E+00    0.00000E+00   -0.15820E-13
    0.45150E+07    0.00000E+00    0.00000E+00    0.00000E+00    0.00000E+00    0.00000E+00   -0.15855E-13
    0.45200E+07    0.00000E+00    0.00000E+00    0.00000E+00    0.00000E+00    0.00000E+00   -0.15890E-13
    0.45250E+07    0.00000E+00    0.00000E+00    0.00000E+00    0.00000E+00    0.00000E+00   -0.15925E-13
    0.45300E+07    0.00000E+00    0.00000E+00    0.00000E+00    0.00000E+00    0.00000E+00   -0.15960E-13
    0.45350E+07    0.00000E+00    0.00000E+00    0.00000E+00    0.00000E+00    0.00000E+00   -0.15996E-13
    0.45400E+07    0.00000E+00    0.00000E+00    0.00000E+00    0.00000E+00    0.00000E+00   -0.16031E-13
    0.45450E+07    0.00000E+00    0.00000E+00    0.00000E+00    0.00000E+00    0.00000E+00   -0.16066E-13
    0.45500E+07    0.00000E+00    0.00000E+00    0.00000E+00    0.00000E+00    0.00000E+00   -0.16102E-13
    0.45550E+07    0.00000E+00    0.00000E+00    0.00000E+00    0.00000E+00    0.00000E+00   -0.16137E-13
    0.45600E+07    0.00000E+00    0.00000E+00    0.00000E+00    0.00000E+00    0.00000E+00   -0.16172E-13
    0.45650E+07    0.00000E+00    0.00000E+00    0.00000E+00    0.00000E+00    0.00000E+00   -0.16208E-13
    0.45700E+07    0.00000E+00    0.00000E+00    0.00000E+00    0.00000E+00    0.00000E+00   -0.16243E-13
    0.45750E+07    0.00000E+00    0.00000E+00    0.00000E+00    0.00000E+00    0.00000E+00   -0.16279E-13
    0.45800E+07    0.00000E+00    0.00000E+00    0.00000E+00    0.00000E+00    0.00000E+00   -0.16315E-13
    0.45850E+07    0.00000E+00    0.00000E+00    0.00000E+00    0.00000E+00    0.00000E+00   -0.16350E-13
    0.45900E+07    0.00000E+00    0.00000E+00    0.00000E+00    0.00000E+00    0.00000E+00   -0.16386E-13
    0.45950E+07    0.00000E+00    0.00000E+00    0.00000E+00    0.00000E+00    0.00000E+00   -0.16422E-13
    0.46000E+07    0.00000E+00    0.00000E+00    0.00000E+00    0.00000E+00    0.00000E+00   -0.16457E-13
    0.46050E+07    0.00000E+00    0.00000E+00    0.00000E+00    0.00000E+00    0.00000E+00   -0.16493E-13
    0.46100E+07    0.00000E+00    0.00000E+00    0.00000E+00    0.00000E+00    0.00000E+00   -0.16529E-13
    0.46150E+07    0.00000E+00    0.00000E+00    0.00000E+00    0.00000E+00    0.00000E+00   -0.16565E-13
    0.46200E+07    0.00000E+00    0.00000E+00    0.00000E+00    0.00000E+00    0.00000E+00   -0.16601E-13
    0.46250E+07    0.00000E+00    0.00000E+00    0.00000E+00    0.00000E+00    0.00000E+00   -0.16637E-13
    0.46300E+07    0.00000E+00    0.00000E+00    0.00000E+00    0.00000E+00    0.00000E+00   -0.16673E-13
    0.46350E+07    0.00000E+00    0.00000E+00    0.00000E+00    0.00000E+00    0.00000E+00   -0.16709E-13
    0.46400E+07    0.00000E+00    0.00000E+00    0.00000E+00    0.00000E+00    0.00000E+00   -0.16745E-13
    0.46450E+07    0.00000E+00    0.00000E+00    0.00000E+00    0.00000E+00    0.00000E+00   -0.16781E-13
    0.46500E+07    0.00000E+00    0.00000E+00    0.00000E+00    0.00000E+00    0.00000E+00   -0.16817E-13
    0.46550E+07    0.00000E+00    0.00000E+00    0.00000E+00    0.00000E+00    0.00000E+00   -0.16853E-13
    0.46600E+07    0.00000E+00    0.00000E+00    0.00000E+00    0.00000E+00    0.00000E+00   -0.16889E-13
    0.46650E+07    0.00000E+00    0.00000E+00    0.00000E+00    0.00000E+00    0.00000E+00   -0.16926E-13
    0.46700E+07    0.00000E+00    0.00000E+00    0.00000E+00    0.00000E+00    0.00000E+00   -0.16962E-13
    0.46750E+07    0.00000E+00    0.00000E+00    0.00000E+00    0.00000E+00    0.00000E+00   -0.16998E-13
    0.46800E+07    0.00000E+00    0.00000E+00    0.00000E+00    0.00000E+00    0.00000E+00   -0.17035E-13
    0.46850E+07    0.00000E+00    0.00000E+00    0.00000E+00    0.00000E+00    0.00000E+00   -0.17071E-13
    0.46900E+07    0.00000E+00    0.00000E+00    0.00000E+00    0.00000E+00    0.00000E+00   -0.17108E-13
    0.46950E+07    0.00000E+00    0.00000E+00    0.00000E+00    0.00000E+00    0.00000E+00   -0.17144E-13
    0.47000E+07    0.00000E+00    0.00000E+00    0.00000E+00    0.00000E+00    0.00000E+00   -0.17181E-13
    0.47050E+07    0.00000E+00    0.00000E+00    0.00000E+00    0.00000E+00    0.00000E+00   -0.17217E-13
    0.47100E+07    0.00000E+00    0.00000E+00    0.00000E+00    0.00000E+00    0.00000E+00   -0.17254E-13
    0.47150E+07    0.00000E+00    0.00000E+00    0.00000E+00    0.00000E+00    0.00000E+00   -0.17291E-13
    0.47200E+07    0.00000E+00    0.00000E+00    0.00000E+00    0.00000E+00    0.00000E+00   -0.17327E-13
    0.47250E+07    0.00000E+00    0.00000E+00    0.00000E+00    0.00000E+00    0.00000E+00   -0.17364E-13
    0.47300E+07    0.00000E+00    0.00000E+00    0.00000E+00    0.00000E+00    0.00000E+00   -0.17401E-13
    0.47350E+07    0.00000E+00    0.00000E+00    0.00000E+00    0.00000E+00    0.00000E+00   -0.17438E-13
    0.47400E+07    0.00000E+00    0.00000E+00    0.00000E+00    0.00000E+00    0.00000E+00   -0.17474E-13
    0.47450E+07    0.00000E+00    0.00000E+00    0.00000E+00    0.00000E+00    0.00000E+00   -0.17511E-13
    0.47500E+07    0.00000E+00    0.00000E+00    0.00000E+00    0.00000E+00    0.00000E+00   -0.17548E-13
    0.47550E+07    0.00000E+00    0.00000E+00    0.00000E+00    0.00000E+00    0.00000E+00   -0.17585E-13
    0.47600E+07    0.00000E+00    0.00000E+00    0.00000E+00    0.00000E+00    0.00000E+00   -0.17622E-13
    0.47650E+07    0.00000E+00    0.00000E+00    0.00000E+00    0.00000E+00    0.00000E+00   -0.17659E-13
    0.47700E+07    0.00000E+00    0.00000E+00    0.00000E+00    0.00000E+00    0.00000E+00   -0.17696E-13
    0.47750E+07    0.00000E+00    0.00000E+00    0.00000E+00    0.00000E+00    0.00000E+00   -0.17733E-13
    0.47800E+07    0.00000E+00    0.00000E+00    0.00000E+00    0.00000E+00    0.00000E+00   -0.17771E-13
    0.47850E+07    0.00000E+00    0.00000E+00    0.00000E+00    0.00000E+00    0.00000E+00   -0.17808E-13
    0.47900E+07    0.00000E+00    0.00000E+00    0.00000E+00    0.00000E+00    0.00000E+00   -0.17845E-13
    0.47950E+07    0.00000E+00    0.00000E+00    0.00000E+00    0.00000E+00    0.00000E+00   -0.17882E-13
    0.48000E+07    0.00000E+00    0.00000E+00    0.00000E+00    0.00000E+00    0.00000E+00   -0.17920E-13
    0.48050E+07    0.00000E+00    0.00000E+00    0.00000E+00    0.00000E+00    0.00000E+00   -0.17957E-13
    0.48100E+07    0.00000E+00    0.00000E+00    0.00000E+00    0.00000E+00    0.00000E+00   -0.17994E-13
    0.48150E+07    0.00000E+00    0.00000E+00    0.00000E+00    0.00000E+00    0.00000E+00   -0.18032E-13
    0.48200E+07    0.00000E+00    0.00000E+00    0.00000E+00    0.00000E+00    0.00000E+00   -0.18069E-13
    0.48250E+07    0.00000E+00    0.00000E+00    0.00000E+00    0.00000E+00    0.00000E+00   -0.18107E-13
    0.48300E+07    0.00000E+00    0.00000E+00    0.00000E+00    0.00000E+00    0.00000E+00   -0.18144E-13
    0.48350E+07    0.00000E+00    0.00000E+00    0.00000E+00    0.00000E+00    0.00000E+00   -0.18182E-13
    0.48400E+07    0.00000E+00    0.00000E+00    0.00000E+00    0.00000E+00    0.00000E+00   -0.18219E-13
    0.48450E+07    0.00000E+00    0.00000E+00    0.00000E+00    0.00000E+00    0.00000E+00   -0.18257E-13
    0.48500E+07    0.00000E+00    0.00000E+00    0.00000E+00    0.00000E+00    0.00000E+00   -0.18295E-13
    0.48550E+07    0.00000E+00    0.00000E+00    0.00000E+00    0.00000E+00    0.00000E+00   -0.18333E-13
    0.48600E+07    0.00000E+00    0.00000E+00    0.00000E+00    0.00000E+00    0.00000E+00   -0.18370E-13
    0.48650E+07    0.00000E+00    0.00000E+00    0.00000E+00    0.00000E+00    0.00000E+00   -0.18408E-13
    0.48700E+07    0.00000E+00    0.00000E+00    0.00000E+00    0.00000E+00    0.00000E+00   -0.18446E-13
    0.48750E+07    0.00000E+00    0.00000E+00    0.00000E+00    0.00000E+00    0.00000E+00   -0.18484E-13
    0.48800E+07    0.00000E+00    0.00000E+00    0.00000E+00    0.00000E+00    0.00000E+00   -0.18522E-13
    0.48850E+07    0.00000E+00    0.00000E+00    0.00000E+00    0.00000E+00    0.00000E+00   -0.18560E-13
    0.48900E+07    0.00000E+00    0.00000E+00    0.00000E+00    0.00000E+00    0.00000E+00   -0.18598E-13
    0.48950E+07    0.00000E+00    0.00000E+00    0.00000E+00    0.00000E+00    0.00000E+00   -0.18636E-13
    0.49000E+07    0.00000E+00    0.00000E+00    0.00000E+00    0.00000E+00    0.00000E+00   -0.18674E-13
    0.49050E+07    0.00000E+00    0.00000E+00    0.00000E+00    0.00000E+00    0.00000E+00   -0.18712E-13
    0.49100E+07    0.00000E+00    0.00000E+00    0.00000E+00    0.00000E+00    0.00000E+00   -0.18750E-13
    0.49150E+07    0.00000E+00    0.00000E+00    0.00000E+00    0.00000E+00    0.00000E+00   -0.18788E-13
    0.49200E+07    0.00000E+00    0.00000E+00    0.00000E+00    0.00000E+00    0.00000E+00   -0.18827E-13
    0.49250E+07    0.00000E+00    0.00000E+00    0.00000E+00    0.00000E+00    0.00000E+00   -0.18865E-13
    0.49300E+07    0.00000E+00    0.00000E+00    0.00000E+00    0.00000E+00    0.00000E+00   -0.18903E-13
    0.49350E+07    0.00000E+00    0.00000E+00    0.00000E+00    0.00000E+00    0.00000E+00   -0.18942E-13
    0.49400E+07    0.00000E+00    0.00000E+00    0.00000E+00    0.00000E+00    0.00000E+00   -0.18980E-13
    0.49450E+07    0.00000E+00    0.00000E+00    0.00000E+00    0.00000E+00    0.00000E+00   -0.19019E-13
    0.49500E+07    0.00000E+00    0.00000E+00    0.00000E+00    0.00000E+00    0.00000E+00   -0.19057E-13
    0.49550E+07    0.00000E+00    0.00000E+00    0.00000E+00    0.00000E+00    0.00000E+00   -0.19096E-13
    0.49600E+07    0.00000E+00    0.00000E+00    0.00000E+00    0.00000E+00    0.00000E+00   -0.19134E-13
    0.49650E+07    0.00000E+00    0.00000E+00    0.00000E+00    0.00000E+00    0.00000E+00   -0.19173E-13
    0.49700E+07    0.00000E+00    0.00000E+00    0.00000E+00    0.00000E+00    0.00000E+00   -0.19211E-13
    0.49750E+07    0.00000E+00    0.00000E+00    0.00000E+00    0.00000E+00    0.00000E+00   -0.19250E-13
    0.49800E+07    0.00000E+00    0.00000E+00    0.00000E+00    0.00000E+00    0.00000E+00   -0.19289E-13
    0.49850E+07    0.00000E+00    0.00000E+00    0.00000E+00    0.00000E+00    0.00000E+00   -0.19327E-13
    0.49900E+07    0.00000E+00    0.00000E+00    0.00000E+00    0.00000E+00    0.00000E+00   -0.19366E-13
    0.49950E+07    0.00000E+00    0.00000E+00    0.00000E+00    0.00000E+00    0.00000E+00   -0.19405E-13
    0.50000E+07    0.00000E+00    0.00000E+00    0.00000E+00    0.00000E+00    0.00000E+00   -0.19444E-13
    0.50050E+07    0.00000E+00    0.00000E+00    0.00000E+00    0.00000E+00    0.00000E+00   -0.19483E-13
    0.50100E+07    0.00000E+00    0.00000E+00    0.00000E+00    0.00000E+00    0.00000E+00   -0.19522E-13
    0.50150E+07    0.00000E+00    0.00000E+00    0.00000E+00    0.00000E+00    0.00000E+00   -0.19561E-13
    0.50200E+07    0.00000E+00    0.00000E+00    0.00000E+00    0.00000E+00    0.00000E+00   -0.19600E-13
    0.50250E+07    0.00000E+00    0.00000E+00    0.00000E+00    0.00000E+00    0.00000E+00   -0.19639E-13
    0.50300E+07    0.00000E+00    0.00000E+00    0.00000E+00    0.00000E+00    0.00000E+00   -0.19678E-13
    0.50350E+07    0.00000E+00    0.00000E+00    0.00000E+00    0.00000E+00    0.00000E+00   -0.19717E-13
    0.50400E+07    0.00000E+00    0.00000E+00    0.00000E+00    0.00000E+00    0.00000E+00   -0.19756E-13
    0.50450E+07    0.00000E+00    0.00000E+00    0.00000E+00    0.00000E+00    0.00000E+00   -0.19796E-13
    0.50500E+07    0.00000E+00    0.00000E+00    0.00000E+00    0.00000E+00    0.00000E+00   -0.19835E-13
    0.50550E+07    0.00000E+00    0.00000E+00    0.00000E+00    0.00000E+00    0.00000E+00   -0.19874E-13
    0.50600E+07    0.00000E+00    0.00000E+00    0.00000E+00    0.00000E+00    0.00000E+00   -0.19913E-13
    0.50650E+07    0.00000E+00    0.00000E+00    0.00000E+00    0.00000E+00    0.00000E+00   -0.19953E-13
    0.50700E+07    0.00000E+00    0.00000E+00    0.00000E+00    0.00000E+00    0.00000E+00   -0.19992E-13
    0.50750E+07    0.00000E+00    0.00000E+00    0.00000E+00    0.00000E+00    0.00000E+00   -0.20032E-13
    0.50800E+07    0.00000E+00    0.00000E+00    0.00000E+00    0.00000E+00    0.00000E+00   -0.20071E-13
    0.50850E+07    0.00000E+00    0.00000E+00    0.00000E+00    0.00000E+00    0.00000E+00   -0.20111E-13
    0.50900E+07    0.00000E+00    0.00000E+00    0.00000E+00    0.00000E+00    0.00000E+00   -0.20150E-13
    0.50950E+07    0.00000E+00    0.00000E+00    0.00000E+00    0.00000E+00    0.00000E+00   -0.20190E-13
    0.51000E+07    0.00000E+00    0.00000E+00    0.00000E+00    0.00000E+00    0.00000E+00   -0.20229E-13
    0.51050E+07    0.00000E+00    0.00000E+00    0.00000E+00    0.00000E+00    0.00000E+00   -0.20269E-13
    0.51100E+07    0.00000E+00    0.00000E+00    0.00000E+00    0.00000E+00    0.00000E+00   -0.20309E-13
    0.51150E+07    0.00000E+00    0.00000E+00    0.00000E+00    0.00000E+00    0.00000E+00   -0.20349E-13
    0.51200E+07    0.00000E+00    0.00000E+00    0.00000E+00    0.00000E+00    0.00000E+00   -0.20388E-13
    0.51250E+07    0.23099E-30    0.52082E-31    0.73969E-33   -0.52077E-31   -0.23872E-27   -0.20428E-13
    0.51300E+07    0.54446E-30    0.12274E-30    0.17384E-32   -0.12273E-30   -0.56165E-27   -0.20468E-13
    0.51350E+07    0.73595E-30    0.16592E-30    0.23475E-32   -0.16590E-30   -0.75774E-27   -0.20508E-13
    0.51400E+07    0.99434E-30    0.22422E-30    0.31700E-32   -0.22419E-30   -0.10222E-26   -0.20548E-13
    0.51450E+07    0.13429E-29    0.30289E-30    0.42798E-32   -0.30284E-30   -0.13786E-26   -0.20588E-13
    0.51500E+07    0.18127E-29    0.40898E-30    0.57768E-32   -0.40891E-30   -0.18585E-26   -0.20628E-13
    0.51550E+07    0.24459E-29    0.55194E-30    0.77951E-32   -0.55185E-30   -0.25045E-26   -0.20668E-13
    0.51600E+07    0.32986E-29    0.74452E-30    0.10515E-31   -0.74440E-30   -0.33736E-26   -0.20708E-13
    0.51650E+07    0.44467E-29    0.10038E-29    0.14178E-31   -0.10036E-29   -0.45420E-26   -0.20748E-13
    0.51700E+07    0.59915E-29    0.13526E-29    0.19110E-31   -0.13524E-29   -0.61120E-26   -0.20789E-13
    0.51750E+07    0.80694E-29    0.18218E-29    0.25747E-31   -0.18214E-29   -0.82208E-26   -0.20829E-13
    0.51800E+07    0.10863E-28    0.24524E-29    0.34674E-31   -0.24520E-29   -0.11052E-25   -0.20869E-13
    0.51850E+07    0.14616E-28    0.32998E-29    0.46675E-31   -0.32992E-29   -0.14850E-25   -0.20909E-13
    0.51900E+07    0.19658E-28    0.44377E-29    0.62802E-31   -0.44368E-29   -0.19944E-25   -0.20950E-13
    0.51950E+07    0.26426E-28    0.59651E-29    0.84463E-31   -0.59639E-29   -0.26772E-25   -0.20990E-13
    0.52000E+07    0.35508E-28    0.80144E-29    0.11354E-30   -0.80128E-29   -0.35921E-25   -0.21031E-13
    0.52050E+07    0.47689E-28    0.10762E-28    0.15257E-30   -0.10760E-28   -0.48173E-25   -0.21071E-13
    0.52100E+07    0.64018E-28    0.14446E-28    0.20491E-30   -0.14443E-28   -0.64573E-25   -0.21112E-13
    0.52150E+07    0.85899E-28    0.19381E-28    0.27507E-30   -0.19377E-28   -0.86513E-25   -0.21152E-13
    0.52200E+07    0.11520E-27    0.25989E-28    0.36910E-30   -0.25984E-28   -0.11585E-24   -0.21193E-13
    0.52250E+07    0.15443E-27    0.34835E-28    0.49504E-30   -0.34827E-28   -0.15507E-24   -0.21233E-13
    0.52300E+07    0.20693E-27    0.46668E-28    0.66364E-30   -0.46658E-28   -0.20746E-24   -0.21274E-13
    0.52350E+07    0.27713E-27    0.62493E-28    0.88925E-30   -0.62478E-28   -0.27742E-24   -0.21315E-13
    0.52400E+07    0.37098E-27    0.83643E-28    0.11910E-29   -0.83624E-28   -0.37080E-24   -0.21355E-13
    0.52450E+07    0.49638E-27    0.11190E-27    0.15944E-29   -0.11187E-27   -0.49536E-24   -0.21396E-13
    0.52500E+07    0.66385E-27    0.14963E-27    0.21334E-29   -0.14959E-27   -0.66145E-24   -0.21437E-13
    0.52550E+07    0.88741E-27    0.19999E-27    0.28534E-29   -0.19994E-27   -0.88281E-24   -0.21478E-13
    0.52600E+07    0.11857E-26    0.26717E-27    0.38145E-29   -0.26710E-27   -0.11777E-23   -0.21519E-13
    0.52650E+07    0.15835E-26    0.35674E-27    0.50969E-29   -0.35665E-27   -0.15703E-23   -0.21560E-13
    0.52700E+07    0.21137E-26    0.47613E-27    0.68073E-29   -0.47601E-27   -0.20928E-23   -0.21601E-13
    0.52750E+07    0.28202E-26    0.63517E-27    0.90874E-29   -0.63501E-27   -0.27879E-23   -0.21642E-13
    0.52800E+07    0.37611E-26    0.84694E-27    0.12126E-28   -0.84671E-27   -0.37119E-23   -0.21683E-13
    0.52850E+07    0.50134E-26    0.11288E-26    0.16172E-28   -0.11285E-26   -0.49398E-23   -0.21724E-13
    0.52900E+07    0.66795E-26    0.15037E-26    0.21558E-28   -0.15032E-26   -0.65708E-23   -0.21765E-13
    0.52950E+07    0.88950E-26    0.20021E-26    0.28725E-28   -0.20016E-26   -0.87361E-23   -0.21806E-13
    0.53000E+07    0.11840E-25    0.26645E-26    0.38255E-28   -0.26638E-26   -0.11609E-22   -0.21847E-13
    0.53050E+07    0.15752E-25    0.35445E-26    0.50925E-28   -0.35434E-26   -0.15420E-22   -0.21888E-13
    0.53100E+07    0.20947E-25    0.47127E-26    0.67757E-28   -0.47113E-26   -0.20472E-22   -0.21930E-13
    0.53150E+07    0.27842E-25    0.62629E-26    0.90111E-28   -0.62611E-26   -0.27165E-22   -0.21971E-13
    0.53200E+07    0.36988E-25    0.83192E-26    0.11978E-27   -0.83166E-26   -0.36028E-22   -0.22012E-13
    0.53250E+07    0.49115E-25    0.11045E-25    0.15915E-27   -0.11042E-25   -0.47761E-22   -0.22054E-13
    0.53300E+07    0.65187E-25    0.14658E-25    0.21135E-27   -0.14653E-25   -0.63284E-22   -0.22095E-13
    0.53350E+07    0.86477E-25    0.19442E-25    0.28054E-27   -0.19436E-25   -0.83811E-22   -0.22137E-13
    0.53400E+07    0.11466E-24    0.25775E-25    0.37220E-27   -0.25767E-25   -0.11094E-21   -0.22178E-13
    0.53450E+07    0.15196E-24    0.34155E-25    0.49358E-27   -0.34144E-25   -0.14678E-21   -0.22220E-13
    0.53500E+07    0.20130E-24    0.45238E-25    0.65421E-27   -0.45222E-25   -0.19410E-21   -0.22261E-13
    0.53550E+07    0.26653E-24    0.59887E-25    0.86671E-27   -0.59866E-25   -0.25655E-21   -0.22303E-13
    0.53600E+07    0.35271E-24    0.79242E-25    0.11477E-26   -0.79214E-25   -0.33892E-21   -0.22345E-13
    0.53650E+07    0.46654E-24    0.10480E-24    0.15190E-26   -0.10476E-24   -0.44752E-21   -0.22386E-13
    0.53700E+07    0.61679E-24    0.13854E-24    0.20095E-26   -0.13848E-24   -0.59062E-21   -0.22428E-13
    0.53750E+07    0.81504E-24    0.18304E-24    0.26570E-26   -0.18297E-24   -0.77909E-21   -0.22470E-13
    0.53800E+07    0.10765E-23    0.24172E-24    0.35115E-26   -0.24163E-24   -0.10272E-20   -0.22512E-13
    0.53850E+07    0.14210E-23    0.31906E-24    0.46385E-26   -0.31893E-24   -0.13536E-20   -0.22554E-13
    0.53900E+07    0.18750E-23    0.42094E-24    0.61242E-26   -0.42076E-24   -0.17828E-20   -0.22596E-13
    0.53950E+07    0.24727E-23    0.55506E-24    0.80818E-26   -0.55483E-24   -0.23470E-20   -0.22637E-13
    0.54000E+07    0.32594E-23    0.73156E-24    0.10660E-25   -0.73125E-24   -0.30881E-20   -0.22679E-13
    0.54050E+07    0.42941E-23    0.96370E-24    0.14053E-25   -0.96328E-24   -0.40611E-20   -0.22721E-13
    0.54100E+07    0.56545E-23    0.12689E-23    0.18518E-25   -0.12683E-23   -0.53380E-20   -0.22764E-13
    0.54150E+07    0.74421E-23    0.16698E-23    0.24389E-25   -0.16691E-23   -0.70127E-20   -0.22806E-13
    0.54200E+07    0.97899E-23    0.21964E-23    0.32105E-25   -0.21953E-23   -0.92082E-20   -0.22848E-13
    0.54250E+07    0.12872E-22    0.28875E-23    0.42240E-25   -0.28861E-23   -0.12085E-19   -0.22890E-13
    0.54300E+07    0.16915E-22    0.37942E-23    0.55548E-25   -0.37923E-23   -0.15851E-19   -0.22932E-13
    0.54350E+07    0.22217E-22    0.49830E-23    0.73011E-25   -0.49805E-23   -0.20782E-19   -0.22974E-13
    0.54400E+07    0.29166E-22    0.65410E-23    0.95915E-25   -0.65376E-23   -0.27231E-19   -0.23017E-13
    0.54450E+07    0.38268E-22    0.85817E-23    0.12594E-24   -0.85771E-23   -0.35662E-19   -0.23059E-13
    0.54500E+07    0.50185E-22    0.11253E-22    0.16528E-24   -0.11247E-22   -0.46679E-19   -0.23101E-13
    0.54550E+07    0.65779E-22    0.14749E-22    0.21679E-24   -0.14740E-22   -0.61068E-19   -0.23144E-13
    0.54600E+07    0.86172E-22    0.19320E-22    0.28422E-24   -0.19309E-22   -0.79849E-19   -0.23186E-13
    0.54650E+07    0.11283E-21    0.25295E-22    0.37242E-24   -0.25280E-22   -0.10435E-18   -0.23229E-13
    0.54700E+07    0.14765E-21    0.33100E-22    0.48774E-24   -0.33079E-22   -0.13629E-18   -0.23271E-13
    0.54750E+07    0.19312E-21    0.43290E-22    0.63843E-24   -0.43263E-22   -0.17792E-18   -0.23314E-13
    0.54800E+07    0.25246E-21    0.56588E-22    0.83524E-24   -0.56552E-22   -0.23213E-18   -0.23356E-13
    0.54850E+07    0.32985E-21    0.73931E-22    0.10921E-23   -0.73882E-22   -0.30270E-18   -0.23399E-13
    0.54900E+07    0.43072E-21    0.96538E-22    0.14273E-23   -0.96472E-22   -0.39450E-18   -0.23442E-13
    0.54950E+07    0.56214E-21    0.12599E-21    0.18643E-23   -0.12590E-21   -0.51385E-18   -0.23484E-13
    0.55000E+07    0.73326E-21    0.16434E-21    0.24338E-23   -0.16422E-21   -0.66894E-18   -0.23527E-13
    0.55050E+07    0.95594E-21    0.21424E-21    0.31755E-23   -0.21408E-21   -0.87033E-18   -0.23570E-13
    0.55100E+07    0.12455E-20    0.27914E-21    0.41410E-23   -0.27892E-21   -0.11317E-17   -0.23613E-13
    0.55150E+07    0.16220E-20    0.36350E-21    0.53971E-23   -0.36321E-21   -0.14708E-17   -0.23656E-13
    0.55200E+07    0.21110E-20    0.47309E-21    0.70303E-23   -0.47270E-21   -0.19103E-17   -0.23699E-13
    0.55250E+07    0.27459E-20    0.61538E-21    0.91527E-23   -0.61486E-21   -0.24798E-17   -0.23742E-13
    0.55300E+07    0.35696E-20    0.80001E-21    0.11909E-22   -0.79931E-21   -0.32171E-17   -0.23785E-13
    0.55350E+07    0.46379E-20    0.10394E-20    0.15487E-22   -0.10385E-20   -0.41712E-17   -0.23828E-13
    0.55400E+07    0.60223E-20    0.13498E-20    0.20128E-22   -0.13485E-20   -0.54051E-17   -0.23871E-13
    0.55450E+07    0.78154E-20    0.17517E-20    0.26145E-22   -0.17500E-20   -0.69998E-17   -0.23914E-13
    0.55500E+07    0.10136E-19    0.22721E-20    0.33942E-22   -0.22698E-20   -0.90595E-17   -0.23957E-13
    0.55550E+07    0.13139E-19    0.29452E-20    0.44038E-22   -0.29422E-20   -0.11718E-16   -0.24000E-13
    0.55600E+07    0.17020E-19    0.38156E-20    0.57103E-22   -0.38116E-20   -0.15147E-16   -0.24043E-13
    0.55650E+07    0.22035E-19    0.49402E-20    0.74000E-22   -0.49348E-20   -0.19568E-16   -0.24087E-13
    0.55700E+07    0.28510E-19    0.63925E-20    0.95840E-22   -0.63853E-20   -0.25264E-16   -0.24130E-13
    0.55750E+07    0.36876E-19    0.82680E-20    0.12405E-21   -0.82582E-20   -0.32565E-16   -0.24173E-13
    0.55800E+07    0.47667E-19    0.10688E-19    0.16048E-21   -0.10674E-19   -0.41953E-16   -0.24217E-13
    0.55800E+07    0.47667E-19    0.10688E-19    0.16048E-21   -0.10674E-19   -0.41953E-16   -0.24217E-13
    0.55850E+07    0.61666E-19    0.13839E-19    0.20727E-21   -0.13820E-19   -0.54251E-16   -0.24260E-13
    0.55900E+07    0.79725E-19    0.17914E-19    0.26774E-21   -0.17888E-19   -0.70156E-16   -0.24303E-13
    0.55950E+07    0.10301E-18    0.23178E-19    0.34580E-21   -0.23141E-19   -0.90703E-16   -0.24347E-13
    0.56000E+07    0.13300E-18    0.29969E-19    0.44653E-21   -0.29920E-19   -0.11722E-15   -0.24390E-13
    0.56050E+07    0.17161E-18    0.38724E-19    0.57639E-21   -0.38657E-19   -0.15140E-15   -0.24434E-13
    0.56100E+07    0.22128E-18    0.49999E-19    0.74368E-21   -0.49910E-19   -0.19542E-15   -0.24478E-13
    0.56150E+07    0.28512E-18    0.64508E-19    0.95904E-21   -0.64389E-19   -0.25207E-15   -0.24521E-13
    0.56200E+07    0.36713E-18    0.83162E-19    0.12361E-20   -0.83003E-19   -0.32491E-15   -0.24565E-13
    0.56250E+07    0.47238E-18    0.10712E-18    0.15921E-20   -0.10691E-18   -0.41847E-15   -0.24608E-13
    0.56300E+07    0.60736E-18    0.13788E-18    0.20495E-20   -0.13761E-18   -0.53855E-15   -0.24652E-13
    0.56350E+07    0.78033E-18    0.17733E-18    0.26365E-20   -0.17697E-18   -0.69255E-15   -0.24696E-13
    0.56400E+07    0.10018E-17    0.22789E-18    0.33892E-20   -0.22740E-18   -0.88987E-15   -0.24740E-13
    0.56450E+07    0.12852E-17    0.29262E-18    0.43538E-20   -0.29198E-18   -0.11425E-14   -0.24783E-13
    0.56500E+07    0.16475E-17    0.37545E-18    0.55889E-20   -0.37460E-18   -0.14657E-14   -0.24827E-13
    0.56550E+07    0.21102E-17    0.48133E-18    0.71691E-20   -0.48022E-18   -0.18787E-14   -0.24871E-13
    0.56600E+07    0.27009E-17    0.61658E-18    0.91891E-20   -0.61512E-18   -0.24062E-14   -0.24914E-13
    0.56650E+07    0.34541E-17    0.78919E-18    0.11769E-19   -0.78727E-18   -0.30792E-14   -0.24958E-13
    0.56700E+07    0.44137E-17    0.10093E-17    0.15062E-19   -0.10068E-17   -0.39371E-14   -0.25001E-13
    0.56750E+07    0.56354E-17    0.12897E-17    0.19262E-19   -0.12864E-17   -0.50299E-14   -0.25045E-13
    0.56800E+07    0.71892E-17    0.16467E-17    0.24613E-19   -0.16424E-17   -0.64204E-14   -0.25088E-13
    0.56850E+07    0.91637E-17    0.21008E-17    0.31424E-19   -0.20951E-17   -0.81883E-14   -0.25131E-13
    0.56900E+07    0.11671E-16    0.26778E-17    0.40088E-19   -0.26703E-17   -0.10434E-13   -0.25174E-13
    0.56950E+07    0.14850E-16    0.34103E-17    0.51097E-19   -0.34005E-17   -0.13283E-13   -0.25216E-13
    0.57000E+07    0.18880E-16    0.43395E-17    0.65075E-19   -0.43266E-17   -0.16896E-13   -0.25258E-13
    0.57050E+07    0.23982E-16    0.55170E-17    0.82806E-19   -0.55000E-17   -0.21472E-13   -0.25299E-13
    0.57100E+07    0.30434E-16    0.70078E-17    0.10528E-18   -0.69855E-17   -0.27261E-13   -0.25339E-13
    0.57149E+07    0.38462E-16    0.88646E-17    0.13329E-18   -0.88354E-17   -0.34467E-13   -0.25378E-13
    0.57199E+07    0.48562E-16    0.11203E-16    0.16860E-18   -0.11165E-16   -0.43535E-13   -0.25416E-13
    0.57199E+07    0.59006E-16    0.13501E-16    0.14376E-18   -0.12988E-16   -0.46439E-13   -0.25409E-13
    0.57200E+07    0.59381E-16    0.13614E-16    0.14517E-18   -0.13105E-16   -0.46906E-13   -0.25410E-13
    0.57250E+07    0.74968E-16    0.18149E-16    0.20314E-18   -0.17731E-16   -0.65600E-13   -0.25446E-13
    0.57300E+07    0.94721E-16    0.23572E-16    0.27596E-18   -0.23221E-16   -0.87957E-13   -0.25479E-13
    0.57350E+07    0.11953E-15    0.30094E-16    0.36723E-18   -0.29790E-16   -0.11476E-12   -0.25510E-13
    0.57400E+07    0.15057E-15    0.37984E-16    0.48137E-18   -0.37713E-16   -0.14703E-12   -0.25537E-13
    0.57450E+07    0.18930E-15    0.47581E-16    0.62390E-18   -0.47330E-16   -0.18608E-12   -0.25559E-13
    0.57500E+07    0.23760E-15    0.59310E-16    0.80165E-18   -0.59068E-16   -0.23356E-12   -0.25576E-13
    0.57550E+07    0.29777E-15    0.73693E-16    0.10231E-17   -0.73452E-16   -0.29149E-12   -0.25587E-13
    0.57600E+07    0.37267E-15    0.91382E-16    0.12988E-17   -0.91132E-16   -0.36239E-12   -0.25589E-13
    0.57650E+07    0.46585E-15    0.11318E-15    0.16419E-17   -0.11291E-15   -0.44935E-12   -0.25581E-13
    0.57700E+07    0.58169E-15    0.14006E-15    0.20684E-17   -0.13977E-15   -0.55618E-12   -0.25560E-13
    0.57750E+07    0.72559E-15    0.17327E-15    0.25985E-17   -0.17293E-15   -0.68755E-12   -0.25523E-13
    0.57800E+07    0.90419E-15    0.21428E-15    0.32569E-17   -0.21389E-15   -0.84920E-12   -0.25467E-13
    0.57850E+07    0.11257E-14    0.26496E-15    0.40740E-17   -0.26449E-15   -0.10482E-11   -0.25387E-13
    0.57900E+07    0.14001E-14    0.32757E-15    0.50876E-17   -0.32700E-15   -0.12930E-11   -0.25276E-13
    0.57950E+07    0.17400E-14    0.40490E-15    0.63439E-17   -0.40421E-15   -0.15943E-11   -0.25130E-13
    0.58000E+07    0.21603E-14    0.50037E-15    0.78999E-17   -0.49951E-15   -0.19648E-11   -0.24938E-13
    0.58050E+07    0.26798E-14    0.61818E-15    0.98256E-17   -0.61710E-15   -0.24203E-11   -0.24690E-13
    0.58100E+07    0.33213E-14    0.76346E-15    0.12207E-16   -0.76210E-15   -0.29799E-11   -0.24374E-13
    0.58150E+07    0.41127E-14    0.94249E-15    0.15150E-16   -0.94077E-15   -0.36668E-11   -0.23974E-13
    0.58200E+07    0.50881E-14    0.11629E-14    0.18782E-16   -0.11608E-14   -0.45094E-11   -0.23471E-13
    0.58250E+07    0.62892E-14    0.14342E-14    0.23264E-16   -0.14314E-14   -0.55421E-11   -0.22843E-13
    0.58300E+07    0.77668E-14    0.17677E-14    0.28786E-16   -0.17641E-14   -0.68067E-11   -0.22060E-13
    0.58350E+07    0.95827E-14    0.21772E-14    0.35586E-16   -0.21727E-14   -0.83537E-11   -0.21089E-13
    0.58400E+07    0.11812E-13    0.26798E-14    0.43951E-16   -0.26740E-14   -0.10244E-10   -0.19889E-13
    0.58450E+07    0.14547E-13    0.32960E-14    0.54231E-16   -0.32886E-14   -0.12553E-10   -0.18407E-13
    0.58500E+07    0.17897E-13    0.40507E-14    0.66852E-16   -0.40412E-14   -0.15368E-10   -0.16585E-13
    0.58550E+07    0.21998E-13    0.49741E-14    0.82330E-16   -0.49619E-14   -0.18798E-10   -0.14348E-13
    0.58600E+07    0.27011E-13    0.61026E-14    0.10130E-15   -0.60869E-14   -0.22972E-10   -0.11606E-13
    0.58636E+07    0.31233E-13    0.70528E-14    0.11730E-15   -0.70341E-14   -0.26473E-10   -0.92939E-14
    0.58636E+07    0.32226E-13    0.72924E-14    0.11444E-15   -0.72522E-14   -0.27273E-10   -0.87869E-14
    0.58668E+07    0.36791E-13    0.83742E-14    0.13189E-15   -0.83321E-14   -0.31370E-10   -0.63241E-14
    0.58700E+07    0.41984E-13    0.95962E-14    0.15175E-15   -0.95515E-14   -0.35981E-10   -0.35226E-14
    0.58750E+07    0.51475E-13    0.11813E-13    0.18804E-15   -0.11763E-13   -0.44310E-10    0.15967E-14
    0.58800E+07    0.63037E-13    0.14493E-13    0.23227E-15   -0.14436E-13   -0.54329E-10    0.78295E-14
    0.58850E+07    0.77104E-13    0.17735E-13    0.28615E-15   -0.17668E-13   -0.66385E-10    0.15406E-13
    0.58900E+07    0.94199E-13    0.21655E-13    0.35171E-15   -0.21575E-13   -0.80892E-10    0.24602E-13
    0.58950E+07    0.11495E-12    0.26394E-13    0.43141E-15   -0.26299E-13   -0.98345E-10    0.35747E-13
    0.59000E+07    0.14010E-12    0.32121E-13    0.52820E-15   -0.32004E-13   -0.11933E-09    0.49235E-13
    0.59050E+07    0.17055E-12    0.39035E-13    0.64562E-15   -0.38893E-13   -0.14455E-09    0.65536E-13
    0.59100E+07    0.20737E-12    0.47377E-13    0.78791E-15   -0.47201E-13   -0.17482E-09    0.85208E-13
    0.59150E+07    0.25183E-12    0.57431E-13    0.96013E-15   -0.57214E-13   -0.21113E-09    0.10891E-12
    0.59200E+07    0.30546E-12    0.69536E-13    0.11683E-14   -0.69266E-13   -0.25463E-09    0.13744E-12
    0.59250E+07    0.37004E-12    0.84094E-13    0.14197E-14   -0.83758E-13   -0.30669E-09    0.17171E-12
    0.59300E+07    0.44772E-12    0.10158E-12    0.17229E-14   -0.10116E-12   -0.36890E-09    0.21282E-12
    0.59350E+07    0.54101E-12    0.12256E-12    0.20879E-14   -0.12203E-12   -0.44314E-09    0.26206E-12
    0.59400E+07    0.65287E-12    0.14769E-12    0.25269E-14   -0.14703E-12   -0.53161E-09    0.32095E-12
    0.59450E+07    0.78682E-12    0.17775E-12    0.30540E-14   -0.17693E-12   -0.63687E-09    0.39125E-12
    0.59500E+07    0.94695E-12    0.21367E-12    0.36862E-14   -0.21263E-12   -0.76191E-09    0.47504E-12
    0.59529E+07    0.10531E-11    0.23745E-12    0.41060E-14   -0.23627E-12   -0.84436E-09    0.53043E-12
    0.59558E+07    0.11706E-11    0.26378E-12    0.45719E-14   -0.26242E-12   -0.93531E-09    0.59164E-12
    0.59558E+07    0.12725E-11    0.28203E-12    0.42342E-14   -0.27207E-12   -0.89813E-09    0.66792E-12
    0.59600E+07    0.14898E-11    0.33711E-12    0.51479E-14   -0.32649E-12   -0.10927E-08    0.77723E-12
    0.59650E+07    0.17933E-11    0.41165E-12    0.64149E-14   -0.39992E-12   -0.13553E-08    0.92921E-12
    0.59700E+07    0.21555E-11    0.49818E-12    0.79205E-14   -0.48499E-12   -0.16593E-08    0.11096E-11
    0.59750E+07    0.25870E-11    0.59892E-12    0.97086E-14   -0.58388E-12   -0.20121E-08    0.13233E-11
    0.59800E+07    0.31002E-11    0.71645E-12    0.11831E-13   -0.69916E-12   -0.24225E-08    0.15758E-11
    0.59850E+07    0.37095E-11    0.85384E-12    0.14349E-13   -0.83382E-12   -0.29010E-08    0.18737E-11
    0.59900E+07    0.44325E-11    0.10147E-11    0.17333E-13   -0.99138E-12   -0.34596E-08    0.22249E-11
    0.59950E+07    0.53040E-11    0.12077E-11    0.20870E-13   -0.11915E-11   -0.41205E-08    0.26348E-11
    0.60000E+07    0.63318E-11    0.14345E-11    0.25054E-13   -0.14287E-11   -0.48933E-08    0.31117E-11
    0.60050E+07    0.75203E-11    0.16937E-11    0.29991E-13   -0.16873E-11   -0.57837E-08    0.36702E-11
    0.60100E+07    0.89184E-11    0.19962E-11    0.35803E-13   -0.19890E-11   -0.68198E-08    0.43225E-11
    0.60150E+07    0.10560E-10    0.23490E-11    0.42640E-13   -0.23408E-11   -0.80254E-08    0.50828E-11
    0.60200E+07    0.12486E-10    0.27601E-11    0.50670E-13   -0.27506E-11   -0.94270E-08    0.59677E-11
    0.60250E+07    0.14741E-10    0.32388E-11    0.60092E-13   -0.32278E-11   -0.11055E-07    0.69960E-11
    0.60300E+07    0.17378E-10    0.37956E-11    0.71130E-13   -0.37827E-11   -0.12945E-07    0.81887E-11
    0.60350E+07    0.20456E-10    0.44424E-11    0.84046E-13   -0.44273E-11   -0.15136E-07    0.95700E-11
    0.60400E+07    0.24044E-10    0.51929E-11    0.99136E-13   -0.51752E-11   -0.17673E-07    0.11167E-10
    0.60450E+07    0.28220E-10    0.60624E-11    0.11674E-12   -0.60415E-11   -0.20606E-07    0.13010E-10
    0.60500E+07    0.33074E-10    0.70684E-11    0.13725E-12   -0.70436E-11   -0.23993E-07    0.15133E-10
    0.60550E+07    0.38704E-10    0.82304E-11    0.16111E-12   -0.82010E-11   -0.27897E-07    0.17573E-10
    0.60600E+07    0.45227E-10    0.95705E-11    0.18883E-12   -0.95357E-11   -0.32391E-07    0.20375E-10
    0.60650E+07    0.52770E-10    0.11113E-10    0.22096E-12   -0.11072E-10   -0.37555E-07    0.23585E-10
    0.60700E+07    0.61479E-10    0.12887E-10    0.25816E-12   -0.12838E-10   -0.43478E-07    0.27254E-10
    0.60750E+07    0.71517E-10    0.14921E-10    0.30116E-12   -0.14863E-10   -0.50259E-07    0.31440E-10
    0.60800E+07    0.83068E-10    0.17251E-10    0.35078E-12   -0.17183E-10   -0.58009E-07    0.36207E-10
    0.60850E+07    0.96335E-10    0.19914E-10    0.40794E-12   -0.19833E-10   -0.66849E-07    0.41624E-10
    0.60900E+07    0.11155E-09    0.22952E-10    0.47366E-12   -0.22856E-10   -0.76913E-07    0.47767E-10
    0.60950E+07    0.12896E-09    0.26411E-10    0.54910E-12   -0.26298E-10   -0.88345E-07    0.54716E-10
    0.61000E+07    0.14885E-09    0.30341E-10    0.63554E-12   -0.30208E-10   -0.10131E-06    0.62561E-10
    0.61050E+07    0.17154E-09    0.34797E-10    0.73439E-12   -0.34641E-10   -0.11597E-06    0.71396E-10
    0.61100E+07    0.19736E-09    0.39839E-10    0.84722E-12   -0.39655E-10   -0.13253E-06    0.81323E-10
    0.61150E+07    0.22669E-09    0.45531E-10    0.97576E-12   -0.45314E-10   -0.15117E-06    0.92448E-10
    0.61200E+07    0.25995E-09    0.51942E-10    0.11219E-11   -0.51688E-10   -0.17212E-06    0.10488E-09
    0.61250E+07    0.29758E-09    0.59146E-10    0.12877E-11   -0.58849E-10   -0.19561E-06    0.11875E-09
    0.61300E+07    0.34007E-09    0.67222E-10    0.14755E-11   -0.66874E-10   -0.22187E-06    0.13417E-09
    0.61350E+07    0.38796E-09    0.76253E-10    0.16876E-11   -0.75847E-10   -0.25116E-06    0.15127E-09
    0.61400E+07    0.44179E-09    0.86325E-10    0.19267E-11   -0.85853E-10   -0.28374E-06    0.17017E-09
    0.61450E+07    0.50220E-09    0.97531E-10    0.21957E-11   -0.96981E-10   -0.31988E-06    0.19100E-09
    0.61500E+07    0.56982E-09    0.10996E-09    0.24976E-11   -0.10932E-09   -0.35987E-06    0.21389E-09
    0.61550E+07    0.64534E-09    0.12372E-09    0.28355E-11   -0.12298E-09   -0.40397E-06    0.23895E-09
    0.61600E+07    0.72949E-09    0.13889E-09    0.32129E-11   -0.13803E-09   -0.45247E-06    0.26630E-09
    0.61650E+07    0.82302E-09    0.15558E-09    0.36332E-11   -0.15458E-09   -0.50563E-06    0.29604E-09
    0.61700E+07    0.92673E-09    0.17387E-09    0.41002E-11   -0.17272E-09   -0.56372E-06    0.32823E-09
    0.61750E+07    0.10414E-08    0.19385E-09    0.46176E-11   -0.19253E-09   -0.62696E-06    0.36296E-09
    0.61800E+07    0.11679E-08    0.21562E-09    0.51892E-11   -0.21409E-09   -0.69556E-06    0.40024E-09
    0.61850E+07    0.13071E-08    0.23923E-09    0.58189E-11   -0.23747E-09   -0.76970E-06    0.44009E-09
    0.61900E+07    0.14597E-08    0.26475E-09    0.65105E-11   -0.26273E-09   -0.84949E-06    0.48245E-09
    0.61950E+07    0.16267E-08    0.29223E-09    0.72674E-11   -0.28991E-09   -0.93502E-06    0.52725E-09
    0.62000E+07    0.18088E-08    0.32168E-09    0.80933E-11   -0.31902E-09   -0.10263E-05    0.57434E-09
    0.62049E+07    0.20042E-08    0.35272E-09    0.89799E-11   -0.34969E-09   -0.11219E-05    0.62292E-09
    0.62049E+07    0.20413E-08    0.36423E-09    0.90616E-11   -0.36180E-09   -0.11753E-05    0.63729E-09
    0.62075E+07    0.21356E-08    0.37996E-09    0.96056E-11   -0.37446E-09   -0.12288E-05    0.65978E-09
    0.62100E+07    0.22337E-08    0.39561E-09    0.10162E-10   -0.38671E-09   -0.12814E-05    0.68316E-09
    0.62150E+07    0.24439E-08    0.42813E-09    0.11302E-10   -0.41516E-09   -0.13858E-05    0.73067E-09
    0.62200E+07    0.26685E-08    0.46081E-09    0.12493E-10   -0.44310E-09   -0.14875E-05    0.77998E-09
    0.62250E+07    0.29078E-08    0.49372E-09    0.13733E-10   -0.47058E-09   -0.15863E-05    0.83090E-09
    0.62300E+07    0.31620E-08    0.52689E-09    0.15021E-10   -0.49762E-09   -0.16819E-05    0.88293E-09
    0.62350E+07    0.34305E-08    0.56028E-09    0.16352E-10   -0.52420E-09   -0.17741E-05    0.93544E-09
    0.62400E+07    0.37130E-08    0.59382E-09    0.17718E-10   -0.55023E-09   -0.18620E-05    0.98761E-09
    0.62450E+07    0.40082E-08    0.62736E-09    0.19111E-10   -0.57554E-09   -0.19448E-05    0.10384E-08
    0.62500E+07    0.43146E-08    0.66068E-09    0.20519E-10   -0.59988E-09   -0.20211E-05    0.10863E-08
    0.62550E+07    0.46302E-08    0.69344E-09    0.21924E-10   -0.62293E-09   -0.20894E-05    0.11298E-08
    0.62600E+07    0.49518E-08    0.72522E-09    0.23304E-10   -0.64424E-09   -0.21476E-05    0.11667E-08
    0.62650E+07    0.52758E-08    0.75547E-09    0.24633E-10   -0.66324E-09   -0.21933E-05    0.11944E-08
    0.62700E+07    0.55973E-08    0.78347E-09    0.25875E-10   -0.67920E-09   -0.22237E-05    0.12098E-08
    0.62750E+07    0.59105E-08    0.80838E-09    0.26987E-10   -0.69124E-09   -0.22352E-05    0.12092E-08
    0.62800E+07    0.62080E-08    0.82916E-09    0.27913E-10   -0.69827E-09   -0.22241E-05    0.11882E-08
    0.62850E+07    0.64813E-08    0.84460E-09    0.28588E-10   -0.69899E-09   -0.21862E-05    0.11418E-08
    0.62900E+07    0.67202E-08    0.85334E-09    0.28930E-10   -0.69184E-09   -0.21168E-05    0.10644E-08
    0.62950E+07    0.69129E-08    0.85378E-09    0.28841E-10   -0.67495E-09   -0.20114E-05    0.94964E-09
    0.63000E+07    0.70466E-08    0.84423E-09    0.28206E-10   -0.64612E-09   -0.18654E-05    0.79097E-09
    0.63025E+07    0.70893E-08    0.83643E-09    0.27651E-10   -0.63009E-09   -0.17786E-05    0.69384E-09
    0.63025E+07    0.59889E-08    0.75939E-09    0.29550E-10   -0.59241E-09   -0.16008E-05    0.15681E-09
    0.63062E+07    0.59741E-08    0.71554E-09    0.25871E-10   -0.52438E-09   -0.13177E-05   -0.93236E-11
    0.63100E+07    0.58874E-08    0.66809E-09    0.21686E-10   -0.44260E-09   -0.10314E-05   -0.21530E-09
    0.63150E+07    0.56488E-08    0.59680E-09    0.15158E-10   -0.30760E-09   -0.64371E-06   -0.55446E-09
    0.63200E+07    0.52590E-08    0.51342E-09    0.72463E-11   -0.13511E-09   -0.25028E-06   -0.96899E-09
    0.63250E+07    0.47175E-08    0.41690E-09   -0.23685E-11    0.83201E-10    0.13321E-06   -0.14500E-08
    0.63300E+07    0.40406E-08    0.30902E-09   -0.14028E-10    0.35580E-09    0.47329E-06   -0.19746E-08
    0.63350E+07    0.32711E-08    0.19596E-09   -0.28079E-10    0.69071E-09    0.71077E-06   -0.24991E-08
    0.63400E+07    0.24912E-08    0.90607E-10   -0.44855E-10    0.10945E-08    0.74975E-06   -0.29503E-08
    0.63450E+07    0.18416E-08    0.15690E-10   -0.64637E-10    0.15710E-08    0.44228E-06   -0.32120E-08
    0.63500E+07    0.15471E-08    0.82788E-11   -0.87600E-10    0.21190E-08   -0.43256E-06   -0.31077E-08
    0.63545E+07    0.18678E-08    0.10633E-09   -0.11099E-09    0.26658E-08   -0.19688E-05   -0.24869E-08
    0.63590E+07    0.31202E-08    0.36685E-09   -0.13675E-09    0.32481E-08   -0.45542E-05   -0.10889E-08
    0.63590E+07    0.46583E-09    0.31728E-11   -0.94468E-10    0.36422E-08   -0.14961E-06   -0.38341E-08
    0.63600E+07    0.74800E-09    0.14097E-10   -0.98628E-10    0.37263E-08   -0.32964E-06   -0.37295E-08
    0.63629E+07    0.18050E-08    0.94238E-10   -0.11091E-09    0.39465E-08   -0.96391E-06   -0.32882E-08
    0.63658E+07    0.32693E-08    0.25640E-09   -0.12337E-09    0.41246E-08   -0.17869E-05   -0.26163E-08
    0.63658E+07   -0.32553E-10    0.35186E-12   -0.15267E-10    0.11742E-08    0.23234E-07   -0.80512E-08
    0.63660E+07    0.39981E-10    0.41636E-12   -0.15390E-10    0.11089E-08   -0.25502E-07   -0.81237E-08
    0.63660E+07    0.00000E+00    0.97200E-09   -0.00000E+00    0.30385E-09    0.21241E-06   -0.48271E-08
    0.63710E+07    0.00000E+00    0.11368E-12    0.00000E+00   -0.11368E-12   -0.17052E-09   -0.64582E-08
