    0.10000E+01    0.00000E+00    0.00000E+00    0.00000E+00    0.00000E+00    0.00000E+00    0.90365E-27
    0.20000E+05    0.00000E+00    0.00000E+00    0.00000E+00    0.00000E+00    0.00000E+00    0.36146E-18
    0.40000E+05    0.00000E+00    0.00000E+00    0.00000E+00    0.00000E+00    0.00000E+00    0.14458E-17
    0.60000E+05    0.00000E+00    0.00000E+00    0.00000E+00    0.00000E+00    0.00000E+00    0.32531E-17
    0.80000E+05    0.00000E+00    0.00000E+00    0.00000E+00    0.00000E+00    0.00000E+00    0.57834E-17
    0.10000E+06    0.00000E+00    0.00000E+00    0.00000E+00    0.00000E+00    0.00000E+00    0.90365E-17
    0.12000E+06    0.00000E+00    0.00000E+00    0.00000E+00    0.00000E+00    0.00000E+00    0.13013E-16
    0.14000E+06    0.00000E+00    0.00000E+00    0.00000E+00    0.00000E+00    0.00000E+00    0.17712E-16
    0.16000E+06    0.00000E+00    0.00000E+00    0.00000E+00    0.00000E+00    0.00000E+00    0.23133E-16
    0.18000E+06    0.00000E+00    0.00000E+00    0.00000E+00    0.00000E+00    0.00000E+00    0.29278E-16
    0.20000E+06    0.00000E+00    0.00000E+00    0.00000E+00    0.00000E+00    0.00000E+00    0.36146E-16
    0.22000E+06    0.00000E+00    0.00000E+00    0.00000E+00    0.00000E+00    0.00000E+00    0.43737E-16
    0.24000E+06    0.00000E+00    0.00000E+00    0.00000E+00    0.00000E+00    0.00000E+00    0.52050E-16
    0.26000E+06    0.00000E+00    0.00000E+00    0.00000E+00    0.00000E+00    0.00000E+00    0.61087E-16
    0.28000E+06    0.00000E+00    0.00000E+00    0.00000E+00    0.00000E+00    0.00000E+00    0.70846E-16
    0.30000E+06    0.00000E+00    0.00000E+00    0.00000E+00    0.00000E+00    0.00000E+00    0.81328E-16
    0.32000E+06    0.00000E+00    0.00000E+00    0.00000E+00    0.00000E+00    0.00000E+00    0.92534E-16
    0.34000E+06    0.00000E+00    0.00000E+00    0.00000E+00    0.00000E+00    0.00000E+00    0.10446E-15
    0.36000E+06    0.00000E+00    0.00000E+00    0.00000E+00    0.00000E+00    0.00000E+00    0.11711E-15
    0.38000E+06    0.00000E+00    0.00000E+00    0.00000E+00    0.00000E+00    0.00000E+00    0.13049E-15
    0.40000E+06    0.00000E+00    0.00000E+00    0.00000E+00    0.00000E+00    0.00000E+00    0.14458E-15
    0.42000E+06    0.00000E+00    0.00000E+00    0.00000E+00    0.00000E+00    0.00000E+00    0.15940E-15
    0.44000E+06    0.00000E+00    0.00000E+00    0.00000E+00    0.00000E+00    0.00000E+00    0.17495E-15
    0.46000E+06    0.00000E+00    0.00000E+00    0.00000E+00    0.00000E+00    0.00000E+00    0.19121E-15
    0.48000E+06    0.00000E+00    0.00000E+00    0.00000E+00    0.00000E+00    0.00000E+00    0.20820E-15
    0.50000E+06    0.00000E+00    0.00000E+00    0.00000E+00    0.00000E+00    0.00000E+00    0.22591E-15
    0.52000E+06    0.00000E+00    0.00000E+00    0.00000E+00    0.00000E+00    0.00000E+00    0.24435E-15
    0.54000E+06    0.00000E+00    0.00000E+00    0.00000E+00    0.00000E+00    0.00000E+00    0.26350E-15
    0.56000E+06    0.00000E+00    0.00000E+00    0.00000E+00    0.00000E+00    0.00000E+00    0.28338E-15
    0.58000E+06    0.00000E+00    0.00000E+00    0.00000E+00    0.00000E+00    0.00000E+00    0.30399E-15
    0.60000E+06    0.00000E+00    0.00000E+00    0.00000E+00    0.00000E+00    0.00000E+00    0.32531E-15
    0.62000E+06    0.00000E+00    0.00000E+00    0.00000E+00    0.00000E+00    0.00000E+00    0.34736E-15
    0.64000E+06    0.00000E+00    0.00000E+00    0.00000E+00    0.00000E+00    0.00000E+00    0.37013E-15
    0.66000E+06    0.00000E+00    0.00000E+00    0.00000E+00    0.00000E+00    0.00000E+00    0.39363E-15
    0.68000E+06    0.00000E+00    0.00000E+00    0.00000E+00    0.00000E+00    0.00000E+00    0.41785E-15
    0.70000E+06    0.00000E+00    0.00000E+00    0.00000E+00    0.00000E+00    0.00000E+00    0.44279E-15
    0.72000E+06    0.00000E+00    0.00000E+00    0.00000E+00    0.00000E+00    0.00000E+00    0.46845E-15
    0.74000E+06    0.00000E+00    0.00000E+00    0.00000E+00    0.00000E+00    0.00000E+00    0.49484E-15
    0.76000E+06    0.00000E+00    0.00000E+00    0.00000E+00    0.00000E+00    0.00000E+00    0.52195E-15
    0.78000E+06    0.00000E+00    0.00000E+00    0.00000E+00    0.00000E+00    0.00000E+00    0.54978E-15
    0.80000E+06    0.00000E+00    0.00000E+00    0.00000E+00    0.00000E+00    0.00000E+00    0.57834E-15
    0.82000E+06    0.00000E+00    0.00000E+00    0.00000E+00    0.00000E+00    0.00000E+00    0.60761E-15
    0.84000E+06    0.00000E+00    0.00000E+00    0.00000E+00    0.00000E+00    0.00000E+00    0.63761E-15
    0.86000E+06    0.00000E+00    0.00000E+00    0.00000E+00    0.00000E+00    0.00000E+00    0.66834E-15
    0.88000E+06    0.00000E+00    0.00000E+00    0.00000E+00    0.00000E+00    0.00000E+00    0.69979E-15
    0.90000E+06    0.00000E+00    0.00000E+00    0.00000E+00    0.00000E+00    0.00000E+00    0.73196E-15
    0.92000E+06    0.00000E+00    0.00000E+00    0.00000E+00    0.00000E+00    0.00000E+00    0.76485E-15
    0.94000E+06    0.00000E+00    0.00000E+00    0.00000E+00    0.00000E+00    0.00000E+00    0.79846E-15
    0.96000E+06    0.00000E+00    0.00000E+00    0.00000E+00    0.00000E+00    0.00000E+00    0.83280E-15
    0.98000E+06    0.00000E+00    0.00000E+00    0.00000E+00    0.00000E+00    0.00000E+00    0.86786E-15
    0.10000E+07    0.00000E+00    0.00000E+00    0.00000E+00    0.00000E+00    0.00000E+00    0.90365E-15
    0.10200E+07    0.00000E+00    0.00000E+00    0.00000E+00    0.00000E+00    0.00000E+00    0.94016E-15
    0.10400E+07    0.00000E+00    0.00000E+00    0.00000E+00    0.00000E+00    0.00000E+00    0.97739E-15
    0.10600E+07    0.00000E+00    0.00000E+00    0.00000E+00    0.00000E+00    0.00000E+00    0.10153E-14
    0.10800E+07    0.00000E+00    0.00000E+00    0.00000E+00    0.00000E+00    0.00000E+00    0.10540E-14
    0.11000E+07    0.00000E+00    0.00000E+00    0.00000E+00    0.00000E+00    0.00000E+00    0.10934E-14
    0.11200E+07    0.00000E+00    0.00000E+00    0.00000E+00    0.00000E+00    0.00000E+00    0.11335E-14
    0.11400E+07    0.00000E+00    0.00000E+00    0.00000E+00    0.00000E+00    0.00000E+00    0.11744E-14
    0.11600E+07    0.00000E+00    0.00000E+00    0.00000E+00    0.00000E+00    0.00000E+00    0.12159E-14
    0.11800E+07    0.00000E+00    0.00000E+00    0.00000E+00    0.00000E+00    0.00000E+00    0.12582E-14
    0.12000E+07    0.00000E+00    0.00000E+00    0.00000E+00    0.00000E+00    0.00000E+00    0.13013E-14
    0.12200E+07    0.00000E+00    0.00000E+00    0.00000E+00    0.00000E+00    0.00000E+00    0.13450E-14
    0.12215E+07    0.00000E+00    0.00000E+00    0.00000E+00    0.00000E+00    0.00000E+00    0.13483E-14
    0.12215E+07    0.00000E+00    0.00000E+00    0.00000E+00    0.00000E+00    0.00000E+00    0.13483E-14
    0.12400E+07    0.00000E+00    0.00000E+00    0.00000E+00    0.00000E+00    0.00000E+00    0.13895E-14
    0.12600E+07    0.00000E+00    0.00000E+00    0.00000E+00    0.00000E+00    0.00000E+00    0.14346E-14
    0.12800E+07    0.00000E+00    0.00000E+00    0.00000E+00    0.00000E+00    0.00000E+00    0.14805E-14
    0.13000E+07    0.00000E+00    0.00000E+00    0.00000E+00    0.00000E+00    0.00000E+00    0.15272E-14
    0.13200E+07    0.00000E+00    0.00000E+00    0.00000E+00    0.00000E+00    0.00000E+00    0.15745E-14
    0.13400E+07    0.00000E+00    0.00000E+00    0.00000E+00    0.00000E+00    0.00000E+00    0.16226E-14
    0.13600E+07    0.00000E+00    0.00000E+00    0.00000E+00    0.00000E+00    0.00000E+00    0.16714E-14
    0.13800E+07    0.00000E+00    0.00000E+00    0.00000E+00    0.00000E+00    0.00000E+00    0.17209E-14
    0.14000E+07    0.00000E+00    0.00000E+00    0.00000E+00    0.00000E+00    0.00000E+00    0.17712E-14
    0.14200E+07    0.00000E+00    0.00000E+00    0.00000E+00    0.00000E+00    0.00000E+00    0.18221E-14
    0.14400E+07    0.00000E+00    0.00000E+00    0.00000E+00    0.00000E+00    0.00000E+00    0.18738E-14
    0.14600E+07    0.00000E+00    0.00000E+00    0.00000E+00    0.00000E+00    0.00000E+00    0.19262E-14
    0.14800E+07    0.00000E+00    0.00000E+00    0.00000E+00    0.00000E+00    0.00000E+00    0.19794E-14
    0.15000E+07    0.00000E+00    0.00000E+00    0.00000E+00    0.00000E+00    0.00000E+00    0.20332E-14
    0.15200E+07    0.00000E+00    0.00000E+00    0.00000E+00    0.00000E+00    0.00000E+00    0.20878E-14
    0.15400E+07    0.00000E+00    0.00000E+00    0.00000E+00    0.00000E+00    0.00000E+00    0.21431E-14
    0.15600E+07    0.00000E+00    0.00000E+00    0.00000E+00    0.00000E+00    0.00000E+00    0.21991E-14
    0.15800E+07    0.00000E+00    0.00000E+00    0.00000E+00    0.00000E+00    0.00000E+00    0.22559E-14
    0.16000E+07    0.00000E+00    0.00000E+00    0.00000E+00    0.00000E+00    0.00000E+00    0.23133E-14
    0.16200E+07    0.00000E+00    0.00000E+00    0.00000E+00    0.00000E+00    0.00000E+00    0.23715E-14
    0.16400E+07    0.00000E+00    0.00000E+00    0.00000E+00    0.00000E+00    0.00000E+00    0.24305E-14
    0.16600E+07    0.00000E+00    0.00000E+00    0.00000E+00    0.00000E+00    0.00000E+00    0.24901E-14
    0.16800E+07    0.00000E+00    0.00000E+00    0.00000E+00    0.00000E+00    0.00000E+00    0.25505E-14
    0.17000E+07    0.00000E+00    0.00000E+00    0.00000E+00    0.00000E+00    0.00000E+00    0.26115E-14
    0.17200E+07    0.00000E+00    0.00000E+00    0.00000E+00    0.00000E+00    0.00000E+00    0.26734E-14
    0.17400E+07    0.00000E+00    0.00000E+00    0.00000E+00    0.00000E+00    0.00000E+00    0.27359E-14
    0.17600E+07    0.00000E+00    0.00000E+00    0.00000E+00    0.00000E+00    0.00000E+00    0.27991E-14
    0.17800E+07    0.00000E+00    0.00000E+00    0.00000E+00    0.00000E+00    0.00000E+00    0.28631E-14
    0.18000E+07    0.00000E+00    0.00000E+00    0.00000E+00    0.00000E+00    0.00000E+00    0.29278E-14
    0.18200E+07    0.00000E+00    0.00000E+00    0.00000E+00    0.00000E+00    0.00000E+00    0.29932E-14
    0.18400E+07    0.00000E+00    0.00000E+00    0.00000E+00    0.00000E+00    0.00000E+00    0.30594E-14
    0.18600E+07    0.00000E+00    0.00000E+00    0.00000E+00    0.00000E+00    0.00000E+00    0.31263E-14
    0.18800E+07    0.00000E+00    0.00000E+00    0.00000E+00    0.00000E+00    0.00000E+00    0.31939E-14
    0.19000E+07    0.00000E+00    0.00000E+00    0.00000E+00    0.00000E+00    0.00000E+00    0.32622E-14
    0.19200E+07    0.00000E+00    0.00000E+00    0.00000E+00    0.00000E+00    0.00000E+00    0.33312E-14
    0.19400E+07    0.00000E+00    0.00000E+00    0.00000E+00    0.00000E+00    0.00000E+00    0.34010E-14
    0.19600E+07    0.00000E+00    0.00000E+00    0.00000E+00    0.00000E+00    0.00000E+00    0.34715E-14
    0.19800E+07    0.00000E+00    0.00000E+00    0.00000E+00    0.00000E+00    0.00000E+00    0.35427E-14
    0.20000E+07    0.00000E+00    0.00000E+00    0.00000E+00    0.00000E+00    0.00000E+00    0.36146E-14
    0.20200E+07    0.00000E+00    0.00000E+00    0.00000E+00    0.00000E+00    0.00000E+00    0.36872E-14
    0.20400E+07    0.00000E+00    0.00000E+00    0.00000E+00    0.00000E+00    0.00000E+00    0.37606E-14
    0.20600E+07    0.00000E+00    0.00000E+00    0.00000E+00    0.00000E+00    0.00000E+00    0.38347E-14
    0.20800E+07    0.00000E+00    0.00000E+00    0.00000E+00    0.00000E+00    0.00000E+00    0.39095E-14
    0.21000E+07    0.00000E+00    0.00000E+00    0.00000E+00    0.00000E+00    0.00000E+00    0.39851E-14
    0.21200E+07    0.00000E+00    0.00000E+00    0.00000E+00    0.00000E+00    0.00000E+00    0.40614E-14
    0.21400E+07    0.00000E+00    0.00000E+00    0.00000E+00    0.00000E+00    0.00000E+00    0.41383E-14
    0.21600E+07    0.00000E+00    0.00000E+00    0.00000E+00    0.00000E+00    0.00000E+00    0.42161E-14
    0.21800E+07    0.00000E+00    0.00000E+00    0.00000E+00    0.00000E+00    0.00000E+00    0.42945E-14
    0.22000E+07    0.00000E+00    0.00000E+00    0.00000E+00    0.00000E+00    0.00000E+00    0.43737E-14
    0.22200E+07    0.00000E+00    0.00000E+00    0.00000E+00    0.00000E+00    0.00000E+00    0.44535E-14
    0.22400E+07    0.00000E+00    0.00000E+00    0.00000E+00    0.00000E+00    0.00000E+00    0.45341E-14
    0.22600E+07    0.00000E+00    0.00000E+00    0.00000E+00    0.00000E+00    0.00000E+00    0.46155E-14
    0.22800E+07    0.00000E+00    0.00000E+00    0.00000E+00    0.00000E+00    0.00000E+00    0.46975E-14
    0.23000E+07    0.00000E+00    0.00000E+00    0.00000E+00    0.00000E+00    0.00000E+00    0.47803E-14
    0.23200E+07    0.00000E+00    0.00000E+00    0.00000E+00    0.00000E+00    0.00000E+00    0.48638E-14
    0.23400E+07    0.00000E+00    0.00000E+00    0.00000E+00    0.00000E+00    0.00000E+00    0.49480E-14
    0.23600E+07    0.00000E+00    0.00000E+00    0.00000E+00    0.00000E+00    0.00000E+00    0.50330E-14
    0.23800E+07    0.00000E+00    0.00000E+00    0.00000E+00    0.00000E+00    0.00000E+00    0.51186E-14
    0.24000E+07    0.00000E+00    0.00000E+00    0.00000E+00    0.00000E+00    0.00000E+00    0.52050E-14
    0.24200E+07    0.00000E+00    0.00000E+00    0.00000E+00    0.00000E+00    0.00000E+00    0.52921E-14
    0.24400E+07    0.00000E+00    0.00000E+00    0.00000E+00    0.00000E+00    0.00000E+00    0.53800E-14
    0.24600E+07    0.00000E+00    0.00000E+00    0.00000E+00    0.00000E+00    0.00000E+00    0.54685E-14
    0.24800E+07    0.00000E+00    0.00000E+00    0.00000E+00    0.00000E+00    0.00000E+00    0.55578E-14
    0.25000E+07    0.00000E+00    0.00000E+00    0.00000E+00    0.00000E+00    0.00000E+00    0.56478E-14
    0.25200E+07    0.00000E+00    0.00000E+00    0.00000E+00    0.00000E+00    0.00000E+00    0.57385E-14
    0.25400E+07    0.00000E+00    0.00000E+00    0.00000E+00    0.00000E+00    0.00000E+00    0.58300E-14
    0.25600E+07    0.00000E+00    0.00000E+00    0.00000E+00    0.00000E+00    0.00000E+00    0.59222E-14
    0.25800E+07    0.00000E+00    0.00000E+00    0.00000E+00    0.00000E+00    0.00000E+00    0.60150E-14
    0.26000E+07    0.00000E+00    0.00000E+00    0.00000E+00    0.00000E+00    0.00000E+00    0.61087E-14
    0.26200E+07    0.00000E+00    0.00000E+00    0.00000E+00    0.00000E+00    0.00000E+00    0.62030E-14
    0.26400E+07    0.00000E+00    0.00000E+00    0.00000E+00    0.00000E+00    0.00000E+00    0.62981E-14
    0.26600E+07    0.00000E+00    0.00000E+00    0.00000E+00    0.00000E+00    0.00000E+00    0.63939E-14
    0.26800E+07    0.00000E+00    0.00000E+00    0.00000E+00    0.00000E+00    0.00000E+00    0.64904E-14
    0.27000E+07    0.00000E+00    0.00000E+00    0.00000E+00    0.00000E+00    0.00000E+00    0.65876E-14
    0.27200E+07    0.00000E+00    0.00000E+00    0.00000E+00    0.00000E+00    0.00000E+00    0.66856E-14
    0.27400E+07    0.00000E+00    0.00000E+00    0.00000E+00    0.00000E+00    0.00000E+00    0.67842E-14
    0.27600E+07    0.00000E+00    0.00000E+00    0.00000E+00    0.00000E+00    0.00000E+00    0.68836E-14
    0.27800E+07    0.00000E+00    0.00000E+00    0.00000E+00    0.00000E+00    0.00000E+00    0.69838E-14
    0.28000E+07    0.00000E+00    0.00000E+00    0.00000E+00    0.00000E+00    0.00000E+00    0.70846E-14
    0.28200E+07    0.00000E+00    0.00000E+00    0.00000E+00    0.00000E+00    0.00000E+00    0.71862E-14
    0.28400E+07    0.00000E+00    0.00000E+00    0.00000E+00    0.00000E+00    0.00000E+00    0.72885E-14
    0.28600E+07    0.00000E+00    0.00000E+00    0.00000E+00    0.00000E+00    0.00000E+00    0.73915E-14
    0.28800E+07    0.00000E+00    0.00000E+00    0.00000E+00    0.00000E+00    0.00000E+00    0.74952E-14
    0.29000E+07    0.00000E+00    0.00000E+00    0.00000E+00    0.00000E+00    0.00000E+00    0.75997E-14
    0.29200E+07    0.00000E+00    0.00000E+00    0.00000E+00    0.00000E+00    0.00000E+00    0.77049E-14
    0.29400E+07    0.00000E+00    0.00000E+00    0.00000E+00    0.00000E+00    0.00000E+00    0.78108E-14
    0.29600E+07    0.00000E+00    0.00000E+00    0.00000E+00    0.00000E+00    0.00000E+00    0.79174E-14
    0.29800E+07    0.00000E+00    0.00000E+00    0.00000E+00    0.00000E+00    0.00000E+00    0.80248E-14
    0.30000E+07    0.00000E+00    0.00000E+00    0.00000E+00    0.00000E+00    0.00000E+00    0.81328E-14
    0.30200E+07    0.00000E+00    0.00000E+00    0.00000E+00    0.00000E+00    0.00000E+00    0.82416E-14
    0.30400E+07    0.00000E+00    0.00000E+00    0.00000E+00    0.00000E+00    0.00000E+00    0.83512E-14
    0.30600E+07    0.00000E+00    0.00000E+00    0.00000E+00    0.00000E+00    0.00000E+00    0.84614E-14
    0.30800E+07    0.00000E+00    0.00000E+00    0.00000E+00    0.00000E+00    0.00000E+00    0.85724E-14
    0.31000E+07    0.00000E+00    0.00000E+00    0.00000E+00    0.00000E+00    0.00000E+00    0.86841E-14
    0.31200E+07    0.00000E+00    0.00000E+00    0.00000E+00    0.00000E+00    0.00000E+00    0.87965E-14
    0.31400E+07    0.00000E+00    0.00000E+00    0.00000E+00    0.00000E+00    0.00000E+00    0.89096E-14
    0.31600E+07    0.00000E+00    0.00000E+00    0.00000E+00    0.00000E+00    0.00000E+00    0.90235E-14
    0.31800E+07    0.00000E+00    0.00000E+00    0.00000E+00    0.00000E+00    0.00000E+00    0.91381E-14
    0.32000E+07    0.00000E+00    0.00000E+00    0.00000E+00    0.00000E+00    0.00000E+00    0.92534E-14
    0.32200E+07    0.00000E+00    0.00000E+00    0.00000E+00    0.00000E+00    0.00000E+00    0.93694E-14
    0.32400E+07    0.00000E+00    0.00000E+00    0.00000E+00    0.00000E+00    0.00000E+00    0.94861E-14
    0.32600E+07    0.00000E+00    0.00000E+00    0.00000E+00    0.00000E+00    0.00000E+00    0.96036E-14
    0.32800E+07    0.00000E+00    0.00000E+00    0.00000E+00    0.00000E+00    0.00000E+00    0.97218E-14
    0.33000E+07    0.00000E+00    0.00000E+00    0.00000E+00    0.00000E+00    0.00000E+00    0.98407E-14
    0.33200E+07    0.00000E+00    0.00000E+00    0.00000E+00    0.00000E+00    0.00000E+00    0.99604E-14
    0.33400E+07    0.00000E+00    0.00000E+00    0.00000E+00    0.00000E+00    0.00000E+00    0.10081E-13
    0.33600E+07    0.00000E+00    0.00000E+00    0.00000E+00    0.00000E+00    0.00000E+00    0.10202E-13
    0.33800E+07    0.00000E+00    0.00000E+00    0.00000E+00    0.00000E+00    0.00000E+00    0.10324E-13
    0.34000E+07    0.00000E+00    0.00000E+00    0.00000E+00    0.00000E+00    0.00000E+00    0.10446E-13
    0.34200E+07    0.00000E+00    0.00000E+00    0.00000E+00    0.00000E+00    0.00000E+00    0.10569E-13
    0.34400E+07    0.00000E+00    0.00000E+00    0.00000E+00    0.00000E+00    0.00000E+00    0.10693E-13
    0.34600E+07    0.00000E+00    0.00000E+00    0.00000E+00    0.00000E+00    0.00000E+00    0.10818E-13
    0.34800E+07    0.00000E+00    0.00000E+00    0.00000E+00    0.00000E+00    0.00000E+00    0.10944E-13
    0.34800E+07    0.00000E+00    0.00000E+00    0.00000E+00    0.00000E+00    0.00000E+00    0.10944E-13
    0.34850E+07    0.00000E+00    0.00000E+00    0.00000E+00    0.00000E+00    0.00000E+00    0.10975E-13
    0.34900E+07    0.00000E+00    0.00000E+00    0.00000E+00    0.00000E+00    0.00000E+00    0.11007E-13
    0.34950E+07    0.00000E+00    0.00000E+00    0.00000E+00    0.00000E+00    0.00000E+00    0.11038E-13
    0.35000E+07    0.00000E+00    0.00000E+00    0.00000E+00    0.00000E+00    0.00000E+00    0.11070E-13
    0.35050E+07    0.00000E+00    0.00000E+00    0.00000E+00    0.00000E+00    0.00000E+00    0.11101E-13
    0.35100E+07    0.00000E+00    0.00000E+00    0.00000E+00    0.00000E+00    0.00000E+00    0.11133E-13
    0.35150E+07    0.00000E+00    0.00000E+00    0.00000E+00    0.00000E+00    0.00000E+00    0.11165E-13
    0.35200E+07    0.00000E+00    0.00000E+00    0.00000E+00    0.00000E+00    0.00000E+00    0.11197E-13
    0.35250E+07    0.00000E+00    0.00000E+00    0.00000E+00    0.00000E+00    0.00000E+00    0.11228E-13
    0.35300E+07    0.00000E+00    0.00000E+00    0.00000E+00    0.00000E+00    0.00000E+00    0.11260E-13
    0.35350E+07    0.00000E+00    0.00000E+00    0.00000E+00    0.00000E+00    0.00000E+00    0.11292E-13
    0.35400E+07    0.00000E+00    0.00000E+00    0.00000E+00    0.00000E+00    0.00000E+00    0.11324E-13
    0.35450E+07    0.00000E+00    0.00000E+00    0.00000E+00    0.00000E+00    0.00000E+00    0.11356E-13
    0.35500E+07    0.00000E+00    0.00000E+00    0.00000E+00    0.00000E+00    0.00000E+00    0.11388E-13
    0.35550E+07    0.00000E+00    0.00000E+00    0.00000E+00    0.00000E+00    0.00000E+00    0.11420E-13
    0.35600E+07    0.00000E+00    0.00000E+00    0.00000E+00    0.00000E+00    0.00000E+00    0.11452E-13
    0.35650E+07    0.00000E+00    0.00000E+00    0.00000E+00    0.00000E+00    0.00000E+00    0.11485E-13
    0.35700E+07    0.00000E+00    0.00000E+00    0.00000E+00    0.00000E+00    0.00000E+00    0.11517E-13
    0.35750E+07    0.00000E+00    0.00000E+00    0.00000E+00    0.00000E+00    0.00000E+00    0.11549E-13
    0.35800E+07    0.00000E+00    0.00000E+00    0.00000E+00    0.00000E+00    0.00000E+00    0.11582E-13
    0.35850E+07    0.00000E+00    0.00000E+00    0.00000E+00    0.00000E+00    0.00000E+00    0.11614E-13
    0.35900E+07    0.00000E+00    0.00000E+00    0.00000E+00    0.00000E+00    0.00000E+00    0.11646E-13
    0.35950E+07    0.00000E+00    0.00000E+00    0.00000E+00    0.00000E+00    0.00000E+00    0.11679E-13
    0.36000E+07    0.00000E+00    0.00000E+00    0.00000E+00    0.00000E+00    0.00000E+00    0.11711E-13
    0.36050E+07    0.00000E+00    0.00000E+00    0.00000E+00    0.00000E+00    0.00000E+00    0.11744E-13
    0.36100E+07    0.00000E+00    0.00000E+00    0.00000E+00    0.00000E+00    0.00000E+00    0.11776E-13
    0.36150E+07    0.00000E+00    0.00000E+00    0.00000E+00    0.00000E+00    0.00000E+00    0.11809E-13
    0.36200E+07    0.00000E+00    0.00000E+00    0.00000E+00    0.00000E+00    0.00000E+00    0.11842E-13
    0.36250E+07    0.00000E+00    0.00000E+00    0.00000E+00    0.00000E+00    0.00000E+00    0.11875E-13
    0.36300E+07    0.00000E+00    0.00000E+00    0.00000E+00    0.00000E+00    0.00000E+00    0.11907E-13
    0.36300E+07    0.00000E+00    0.00000E+00    0.00000E+00    0.00000E+00    0.00000E+00    0.11907E-13
    0.36350E+07    0.00000E+00    0.00000E+00    0.00000E+00    0.00000E+00    0.00000E+00    0.11940E-13
    0.36400E+07    0.00000E+00    0.00000E+00    0.00000E+00    0.00000E+00    0.00000E+00    0.11973E-13
    0.36450E+07    0.00000E+00    0.00000E+00    0.00000E+00    0.00000E+00    0.00000E+00    0.12006E-13
    0.36500E+07    0.00000E+00    0.00000E+00    0.00000E+00    0.00000E+00    0.00000E+00    0.12039E-13
    0.36550E+07    0.00000E+00    0.00000E+00    0.00000E+00    0.00000E+00    0.00000E+00    0.12072E-13
    0.36600E+07    0.00000E+00    0.00000E+00    0.00000E+00    0.00000E+00    0.00000E+00    0.12105E-13
    0.36650E+07    0.00000E+00    0.00000E+00    0.00000E+00    0.00000E+00    0.00000E+00    0.12138E-13
    0.36700E+07    0.00000E+00    0.00000E+00    0.00000E+00    0.00000E+00    0.00000E+00    0.12171E-13
    0.36750E+07    0.00000E+00    0.00000E+00    0.00000E+00    0.00000E+00    0.00000E+00    0.12204E-13
    0.36800E+07    0.00000E+00    0.00000E+00    0.00000E+00    0.00000E+00    0.00000E+00    0.12238E-13
    0.36850E+07    0.00000E+00    0.00000E+00    0.00000E+00    0.00000E+00    0.00000E+00    0.12271E-13
    0.36900E+07    0.00000E+00    0.00000E+00    0.00000E+00    0.00000E+00    0.00000E+00    0.12304E-13
    0.36950E+07    0.00000E+00    0.00000E+00    0.00000E+00    0.00000E+00    0.00000E+00    0.12338E-13
    0.37000E+07    0.00000E+00    0.00000E+00    0.00000E+00    0.00000E+00    0.00000E+00    0.12371E-13
    0.37050E+07    0.00000E+00    0.00000E+00    0.00000E+00    0.00000E+00    0.00000E+00    0.12404E-13
    0.37100E+07    0.00000E+00    0.00000E+00    0.00000E+00    0.00000E+00    0.00000E+00    0.12438E-13
    0.37150E+07    0.00000E+00    0.00000E+00    0.00000E+00    0.00000E+00    0.00000E+00    0.12471E-13
    0.37200E+07    0.00000E+00    0.00000E+00    0.00000E+00    0.00000E+00    0.00000E+00    0.12505E-13
    0.37250E+07    0.00000E+00    0.00000E+00    0.00000E+00    0.00000E+00    0.00000E+00    0.12539E-13
    0.37300E+07    0.00000E+00    0.00000E+00    0.00000E+00    0.00000E+00    0.00000E+00    0.12572E-13
    0.37350E+07    0.00000E+00    0.00000E+00    0.00000E+00    0.00000E+00    0.00000E+00    0.12606E-13
    0.37400E+07    0.00000E+00    0.00000E+00    0.00000E+00    0.00000E+00    0.00000E+00    0.12640E-13
    0.37450E+07    0.00000E+00    0.00000E+00    0.00000E+00    0.00000E+00    0.00000E+00    0.12674E-13
    0.37500E+07    0.00000E+00    0.00000E+00    0.00000E+00    0.00000E+00    0.00000E+00    0.12708E-13
    0.37550E+07    0.00000E+00    0.00000E+00    0.00000E+00    0.00000E+00    0.00000E+00    0.12741E-13
    0.37600E+07    0.00000E+00    0.00000E+00    0.00000E+00    0.00000E+00    0.00000E+00    0.12775E-13
    0.37650E+07    0.00000E+00    0.00000E+00    0.00000E+00    0.00000E+00    0.00000E+00    0.12809E-13
    0.37700E+07    0.00000E+00    0.00000E+00    0.00000E+00    0.00000E+00    0.00000E+00    0.12843E-13
    0.37750E+07    0.00000E+00    0.00000E+00    0.00000E+00    0.00000E+00    0.00000E+00    0.12878E-13
    0.37800E+07    0.00000E+00    0.00000E+00    0.00000E+00    0.00000E+00    0.00000E+00    0.12912E-13
    0.37850E+07    0.00000E+00    0.00000E+00    0.00000E+00    0.00000E+00    0.00000E+00    0.12946E-13
    0.37900E+07    0.00000E+00    0.00000E+00    0.00000E+00    0.00000E+00    0.00000E+00    0.12980E-13
    0.37950E+07    0.00000E+00    0.00000E+00    0.00000E+00    0.00000E+00    0.00000E+00    0.13014E-13
    0.38000E+07    0.00000E+00    0.00000E+00    0.00000E+00    0.00000E+00    0.00000E+00    0.13049E-13
    0.38050E+07    0.00000E+00    0.00000E+00    0.00000E+00    0.00000E+00    0.00000E+00    0.13083E-13
    0.38100E+07    0.00000E+00    0.00000E+00    0.00000E+00    0.00000E+00    0.00000E+00    0.13117E-13
    0.38150E+07    0.00000E+00    0.00000E+00    0.00000E+00    0.00000E+00    0.00000E+00    0.13152E-13
    0.38200E+07    0.00000E+00    0.00000E+00    0.00000E+00    0.00000E+00    0.00000E+00    0.13186E-13
    0.38250E+07    0.00000E+00    0.00000E+00    0.00000E+00    0.00000E+00    0.00000E+00    0.13221E-13
    0.38300E+07    0.00000E+00    0.00000E+00    0.00000E+00    0.00000E+00    0.00000E+00    0.13256E-13
    0.38350E+07    0.00000E+00    0.00000E+00    0.00000E+00    0.00000E+00    0.00000E+00    0.13290E-13
    0.38400E+07    0.00000E+00    0.00000E+00    0.00000E+00    0.00000E+00    0.00000E+00    0.13325E-13
    0.38450E+07    0.00000E+00    0.00000E+00    0.00000E+00    0.00000E+00    0.00000E+00    0.13360E-13
    0.38500E+07    0.00000E+00    0.00000E+00    0.00000E+00    0.00000E+00    0.00000E+00    0.13394E-13
    0.38550E+07    0.00000E+00    0.00000E+00    0.00000E+00    0.00000E+00    0.00000E+00    0.13429E-13
    0.38600E+07    0.00000E+00    0.00000E+00    0.00000E+00    0.00000E+00    0.00000E+00    0.13464E-13
    0.38650E+07    0.00000E+00    0.00000E+00    0.00000E+00    0.00000E+00    0.00000E+00    0.13499E-13
    0.38700E+07    0.00000E+00    0.00000E+00    0.00000E+00    0.00000E+00    0.00000E+00    0.13534E-13
    0.38750E+07    0.00000E+00    0.00000E+00    0.00000E+00    0.00000E+00    0.00000E+00    0.13569E-13
    0.38800E+07    0.00000E+00    0.00000E+00    0.00000E+00    0.00000E+00    0.00000E+00    0.13604E-13
    0.38850E+07    0.00000E+00    0.00000E+00    0.00000E+00    0.00000E+00    0.00000E+00    0.13639E-13
    0.38900E+07    0.00000E+00    0.00000E+00    0.00000E+00    0.00000E+00    0.00000E+00    0.13674E-13
    0.38950E+07    0.00000E+00    0.00000E+00    0.00000E+00    0.00000E+00    0.00000E+00    0.13709E-13
    0.39000E+07    0.00000E+00    0.00000E+00    0.00000E+00    0.00000E+00    0.00000E+00    0.13744E-13
    0.39050E+07    0.00000E+00    0.00000E+00    0.00000E+00    0.00000E+00    0.00000E+00    0.13780E-13
    0.39100E+07    0.00000E+00    0.00000E+00    0.00000E+00    0.00000E+00    0.00000E+00    0.13815E-13
    0.39150E+07    0.00000E+00    0.00000E+00    0.00000E+00    0.00000E+00    0.00000E+00    0.13850E-13
    0.39200E+07    0.00000E+00    0.00000E+00    0.00000E+00    0.00000E+00    0.00000E+00    0.13886E-13
    0.39250E+07    0.00000E+00    0.00000E+00    0.00000E+00    0.00000E+00    0.00000E+00    0.13921E-13
    0.39300E+07    0.00000E+00    0.00000E+00    0.00000E+00    0.00000E+00    0.00000E+00    0.13957E-13
    0.39350E+07    0.00000E+00    0.00000E+00    0.00000E+00    0.00000E+00    0.00000E+00    0.13992E-13
    0.39400E+07    0.00000E+00    0.00000E+00    0.00000E+00    0.00000E+00    0.00000E+00    0.14028E-13
    0.39450E+07    0.00000E+00    0.00000E+00    0.00000E+00    0.00000E+00    0.00000E+00    0.14064E-13
    0.39500E+07    0.00000E+00    0.00000E+00    0.00000E+00    0.00000E+00    0.00000E+00    0.14099E-13
    0.39550E+07    0.00000E+00    0.00000E+00    0.00000E+00    0.00000E+00    0.00000E+00    0.14135E-13
    0.39600E+07    0.00000E+00    0.00000E+00    0.00000E+00    0.00000E+00    0.00000E+00    0.14171E-13
    0.39650E+07    0.00000E+00    0.00000E+00    0.00000E+00    0.00000E+00    0.00000E+00    0.14206E-13
    0.39700E+07    0.00000E+00    0.00000E+00    0.00000E+00    0.00000E+00    0.00000E+00    0.14242E-13
    0.39750E+07    0.00000E+00    0.00000E+00    0.00000E+00    0.00000E+00    0.00000E+00    0.14278E-13
    0.39800E+07    0.00000E+00    0.00000E+00    0.00000E+00    0.00000E+00    0.00000E+00    0.14314E-13
    0.39850E+07    0.00000E+00    0.00000E+00    0.00000E+00    0.00000E+00    0.00000E+00    0.14350E-13
    0.39900E+07    0.00000E+00    0.00000E+00    0.00000E+00    0.00000E+00    0.00000E+00    0.14386E-13
    0.39950E+07    0.00000E+00    0.00000E+00    0.00000E+00    0.00000E+00    0.00000E+00    0.14422E-13
    0.40000E+07    0.00000E+00    0.00000E+00    0.00000E+00    0.00000E+00    0.00000E+00    0.14458E-13
    0.40050E+07    0.00000E+00    0.00000E+00    0.00000E+00    0.00000E+00    0.00000E+00    0.14495E-13
    0.40100E+07    0.00000E+00    0.00000E+00    0.00000E+00    0.00000E+00    0.00000E+00    0.14531E-13
    0.40150E+07    0.00000E+00    0.00000E+00    0.00000E+00    0.00000E+00    0.00000E+00    0.14567E-13
    0.40200E+07    0.00000E+00    0.00000E+00    0.00000E+00    0.00000E+00    0.00000E+00    0.14603E-13
    0.40250E+07    0.00000E+00    0.00000E+00    0.00000E+00    0.00000E+00    0.00000E+00    0.14640E-13
    0.40300E+07    0.00000E+00    0.00000E+00    0.00000E+00    0.00000E+00    0.00000E+00    0.14676E-13
    0.40350E+07    0.00000E+00    0.00000E+00    0.00000E+00    0.00000E+00    0.00000E+00    0.14713E-13
    0.40400E+07    0.00000E+00    0.00000E+00    0.00000E+00    0.00000E+00    0.00000E+00    0.14749E-13
    0.40450E+07    0.00000E+00    0.00000E+00    0.00000E+00    0.00000E+00    0.00000E+00    0.14786E-13
    0.40500E+07    0.00000E+00    0.00000E+00    0.00000E+00    0.00000E+00    0.00000E+00    0.14822E-13
    0.40550E+07    0.00000E+00    0.00000E+00    0.00000E+00    0.00000E+00    0.00000E+00    0.14859E-13
    0.40600E+07    0.00000E+00    0.00000E+00    0.00000E+00    0.00000E+00    0.00000E+00    0.14895E-13
    0.40650E+07    0.00000E+00    0.00000E+00    0.00000E+00    0.00000E+00    0.00000E+00    0.14932E-13
    0.40700E+07    0.00000E+00    0.00000E+00    0.00000E+00    0.00000E+00    0.00000E+00    0.14969E-13
    0.40750E+07    0.00000E+00    0.00000E+00    0.00000E+00    0.00000E+00    0.00000E+00    0.15006E-13
    0.40800E+07    0.00000E+00    0.00000E+00    0.00000E+00    0.00000E+00    0.00000E+00    0.15042E-13
    0.40850E+07    0.00000E+00    0.00000E+00    0.00000E+00    0.00000E+00    0.00000E+00    0.15079E-13
    0.40900E+07    0.00000E+00    0.00000E+00    0.00000E+00    0.00000E+00    0.00000E+00    0.15116E-13
    0.40950E+07    0.00000E+00    0.00000E+00    0.00000E+00    0.00000E+00    0.00000E+00    0.15153E-13
    0.41000E+07    0.00000E+00    0.00000E+00    0.00000E+00    0.00000E+00    0.00000E+00    0.15190E-13
    0.41050E+07    0.00000E+00    0.00000E+00    0.00000E+00    0.00000E+00    0.00000E+00    0.15227E-13
    0.41100E+07    0.00000E+00    0.00000E+00    0.00000E+00    0.00000E+00    0.00000E+00    0.15265E-13
    0.41150E+07    0.00000E+00    0.00000E+00    0.00000E+00    0.00000E+00    0.00000E+00    0.15302E-13
    0.41200E+07    0.00000E+00    0.00000E+00    0.00000E+00    0.00000E+00    0.00000E+00    0.15339E-13
    0.41250E+07    0.00000E+00    0.00000E+00    0.00000E+00    0.00000E+00    0.00000E+00    0.15376E-13
    0.41300E+07    0.00000E+00    0.00000E+00    0.00000E+00    0.00000E+00    0.00000E+00    0.15413E-13
    0.41350E+07    0.00000E+00    0.00000E+00    0.00000E+00    0.00000E+00    0.00000E+00    0.15451E-13
    0.41400E+07    0.00000E+00    0.00000E+00    0.00000E+00    0.00000E+00    0.00000E+00    0.15488E-13
    0.41450E+07    0.00000E+00    0.00000E+00    0.00000E+00    0.00000E+00    0.00000E+00    0.15526E-13
    0.41500E+07    0.00000E+00    0.00000E+00    0.00000E+00    0.00000E+00    0.00000E+00    0.15563E-13
    0.41550E+07    0.00000E+00    0.00000E+00    0.00000E+00    0.00000E+00    0.00000E+00    0.15601E-13
    0.41600E+07    0.00000E+00    0.00000E+00    0.00000E+00    0.00000E+00    0.00000E+00    0.15638E-13
    0.41650E+07    0.00000E+00    0.00000E+00    0.00000E+00    0.00000E+00    0.00000E+00    0.15676E-13
    0.41700E+07    0.00000E+00    0.00000E+00    0.00000E+00    0.00000E+00    0.00000E+00    0.15713E-13
    0.41750E+07    0.00000E+00    0.00000E+00    0.00000E+00    0.00000E+00    0.00000E+00    0.15751E-13
    0.41800E+07    0.00000E+00    0.00000E+00    0.00000E+00    0.00000E+00    0.00000E+00    0.15789E-13
    0.41850E+07    0.00000E+00    0.00000E+00    0.00000E+00    0.00000E+00    0.00000E+00    0.15827E-13
    0.41900E+07    0.00000E+00    0.00000E+00    0.00000E+00    0.00000E+00    0.00000E+00    0.15865E-13
    0.41950E+07    0.00000E+00    0.00000E+00    0.00000E+00    0.00000E+00    0.00000E+00    0.15902E-13
    0.42000E+07    0.00000E+00    0.00000E+00    0.00000E+00    0.00000E+00    0.00000E+00    0.15940E-13
    0.42050E+07    0.00000E+00    0.00000E+00    0.00000E+00    0.00000E+00    0.00000E+00    0.15978E-13
    0.42100E+07    0.00000E+00    0.00000E+00    0.00000E+00    0.00000E+00    0.00000E+00    0.16016E-13
    0.42150E+07    0.00000E+00    0.00000E+00    0.00000E+00    0.00000E+00    0.00000E+00    0.16054E-13
    0.42200E+07    0.00000E+00    0.00000E+00    0.00000E+00    0.00000E+00    0.00000E+00    0.16093E-13
    0.42250E+07    0.00000E+00    0.00000E+00    0.00000E+00    0.00000E+00    0.00000E+00    0.16131E-13
    0.42300E+07    0.00000E+00    0.00000E+00    0.00000E+00    0.00000E+00    0.00000E+00    0.16169E-13
    0.42350E+07    0.00000E+00    0.00000E+00    0.00000E+00    0.00000E+00    0.00000E+00    0.16207E-13
    0.42400E+07    0.00000E+00    0.00000E+00    0.00000E+00    0.00000E+00    0.00000E+00    0.16245E-13
    0.42450E+07    0.00000E+00    0.00000E+00    0.00000E+00    0.00000E+00    0.00000E+00    0.16284E-13
    0.42500E+07    0.00000E+00    0.00000E+00    0.00000E+00    0.00000E+00    0.00000E+00    0.16322E-13
    0.42550E+07    0.00000E+00    0.00000E+00    0.00000E+00    0.00000E+00    0.00000E+00    0.16361E-13
    0.42600E+07    0.00000E+00    0.00000E+00    0.00000E+00    0.00000E+00    0.00000E+00    0.16399E-13
    0.42650E+07    0.00000E+00    0.00000E+00    0.00000E+00    0.00000E+00    0.00000E+00    0.16438E-13
    0.42700E+07    0.00000E+00    0.00000E+00    0.00000E+00    0.00000E+00    0.00000E+00    0.16476E-13
    0.42750E+07    0.00000E+00    0.00000E+00    0.00000E+00    0.00000E+00    0.00000E+00    0.16515E-13
    0.42800E+07    0.00000E+00    0.00000E+00    0.00000E+00    0.00000E+00    0.00000E+00    0.16553E-13
    0.42850E+07    0.00000E+00    0.00000E+00    0.00000E+00    0.00000E+00    0.00000E+00    0.16592E-13
    0.42900E+07    0.00000E+00    0.00000E+00    0.00000E+00    0.00000E+00    0.00000E+00    0.16631E-13
    0.42950E+07    0.00000E+00    0.00000E+00    0.00000E+00    0.00000E+00    0.00000E+00    0.16670E-13
    0.43000E+07    0.00000E+00    0.00000E+00    0.00000E+00    0.00000E+00    0.00000E+00    0.16708E-13
    0.43050E+07    0.00000E+00    0.00000E+00    0.00000E+00    0.00000E+00    0.00000E+00    0.16747E-13
    0.43100E+07    0.00000E+00    0.00000E+00    0.00000E+00    0.00000E+00    0.00000E+00    0.16786E-13
    0.43150E+07    0.00000E+00    0.00000E+00    0.00000E+00    0.00000E+00    0.00000E+00    0.16825E-13
    0.43200E+07    0.00000E+00    0.00000E+00    0.00000E+00    0.00000E+00    0.00000E+00    0.16864E-13
    0.43250E+07    0.00000E+00    0.00000E+00    0.00000E+00    0.00000E+00    0.00000E+00    0.16903E-13
    0.43300E+07    0.00000E+00    0.00000E+00    0.00000E+00    0.00000E+00    0.00000E+00    0.16942E-13
    0.43350E+07    0.00000E+00    0.00000E+00    0.00000E+00    0.00000E+00    0.00000E+00    0.16982E-13
    0.43400E+07    0.00000E+00    0.00000E+00    0.00000E+00    0.00000E+00    0.00000E+00    0.17021E-13
    0.43450E+07    0.00000E+00    0.00000E+00    0.00000E+00    0.00000E+00    0.00000E+00    0.17060E-13
    0.43500E+07    0.00000E+00    0.00000E+00    0.00000E+00    0.00000E+00    0.00000E+00    0.17099E-13
    0.43550E+07    0.00000E+00    0.00000E+00    0.00000E+00    0.00000E+00    0.00000E+00    0.17139E-13
    0.43600E+07    0.00000E+00    0.00000E+00    0.00000E+00    0.00000E+00    0.00000E+00    0.17178E-13
    0.43650E+07    0.00000E+00    0.00000E+00    0.00000E+00    0.00000E+00    0.00000E+00    0.17217E-13
    0.43700E+07    0.00000E+00    0.00000E+00    0.00000E+00    0.00000E+00    0.00000E+00    0.17257E-13
    0.43750E+07    0.00000E+00    0.00000E+00    0.00000E+00    0.00000E+00    0.00000E+00    0.17296E-13
    0.43800E+07    0.00000E+00    0.00000E+00    0.00000E+00    0.00000E+00    0.00000E+00    0.17336E-13
    0.43850E+07    0.00000E+00    0.00000E+00    0.00000E+00    0.00000E+00    0.00000E+00    0.17376E-13
    0.43900E+07    0.00000E+00    0.00000E+00    0.00000E+00    0.00000E+00    0.00000E+00    0.17415E-13
    0.43950E+07    0.00000E+00    0.00000E+00    0.00000E+00    0.00000E+00    0.00000E+00    0.17455E-13
    0.44000E+07    0.00000E+00    0.00000E+00    0.00000E+00    0.00000E+00    0.00000E+00    0.17495E-13
    0.44050E+07    0.00000E+00    0.00000E+00    0.00000E+00    0.00000E+00    0.00000E+00    0.17534E-13
    0.44100E+07    0.00000E+00    0.00000E+00    0.00000E+00    0.00000E+00    0.00000E+00    0.17574E-13
    0.44150E+07    0.00000E+00    0.00000E+00    0.00000E+00    0.00000E+00    0.00000E+00    0.17614E-13
    0.44200E+07    0.00000E+00    0.00000E+00    0.00000E+00    0.00000E+00    0.00000E+00    0.17654E-13
    0.44250E+07    0.00000E+00    0.00000E+00    0.00000E+00    0.00000E+00    0.00000E+00    0.17694E-13
    0.44300E+07    0.00000E+00    0.00000E+00    0.00000E+00    0.00000E+00    0.00000E+00    0.17734E-13
    0.44350E+07    0.00000E+00    0.00000E+00    0.00000E+00    0.00000E+00    0.00000E+00    0.17774E-13
    0.44400E+07    0.00000E+00    0.00000E+00    0.00000E+00    0.00000E+00    0.00000E+00    0.17814E-13
    0.44450E+07    0.00000E+00    0.00000E+00    0.00000E+00    0.00000E+00    0.00000E+00    0.17854E-13
    0.44500E+07    0.00000E+00    0.00000E+00    0.00000E+00    0.00000E+00    0.00000E+00    0.17895E-13
    0.44550E+07    0.00000E+00    0.00000E+00    0.00000E+00    0.00000E+00    0.00000E+00    0.17935E-13
    0.44600E+07    0.00000E+00    0.00000E+00    0.00000E+00    0.00000E+00    0.00000E+00    0.17975E-13
    0.44650E+07    0.00000E+00    0.00000E+00    0.00000E+00    0.00000E+00    0.00000E+00    0.18015E-13
    0.44700E+07    0.00000E+00    0.00000E+00    0.00000E+00    0.00000E+00    0.00000E+00    0.18056E-13
    0.44750E+07    0.00000E+00    0.00000E+00    0.00000E+00    0.00000E+00    0.00000E+00    0.18096E-13
    0.44800E+07    0.00000E+00    0.00000E+00    0.00000E+00    0.00000E+00    0.00000E+00    0.18137E-13
    0.44850E+07    0.00000E+00    0.00000E+00    0.00000E+00    0.00000E+00    0.00000E+00    0.18177E-13
    0.44900E+07    0.00000E+00    0.00000E+00    0.00000E+00    0.00000E+00    0.00000E+00    0.18218E-13
    0.44950E+07    0.00000E+00    0.00000E+00    0.00000E+00    0.00000E+00    0.00000E+00    0.18258E-13
    0.45000E+07    0.00000E+00    0.00000E+00    0.00000E+00    0.00000E+00    0.00000E+00    0.18299E-13
    0.45050E+07    0.00000E+00    0.00000E+00    0.00000E+00    0.00000E+00    0.00000E+00    0.18340E-13
    0.45100E+07    0.00000E+00    0.00000E+00    0.00000E+00    0.00000E+00    0.00000E+00    0.18380E-13
    0.45150E+07    0.00000E+00    0.00000E+00    0.00000E+00    0.00000E+00    0.00000E+00    0.18421E-13
    0.45200E+07    0.00000E+00    0.00000E+00    0.00000E+00    0.00000E+00    0.00000E+00    0.18462E-13
    0.45250E+07    0.00000E+00    0.00000E+00    0.00000E+00    0.00000E+00    0.00000E+00    0.18503E-13
    0.45300E+07    0.00000E+00    0.00000E+00    0.00000E+00    0.00000E+00    0.00000E+00    0.18544E-13
    0.45350E+07    0.00000E+00    0.00000E+00    0.00000E+00    0.00000E+00    0.00000E+00    0.18585E-13
    0.45400E+07    0.00000E+00    0.00000E+00    0.00000E+00    0.00000E+00    0.00000E+00    0.18626E-13
    0.45450E+07    0.00000E+00    0.00000E+00    0.00000E+00    0.00000E+00    0.00000E+00    0.18667E-13
    0.45500E+07    0.00000E+00    0.00000E+00    0.00000E+00    0.00000E+00    0.00000E+00    0.18708E-13
    0.45550E+07    0.00000E+00    0.00000E+00    0.00000E+00    0.00000E+00    0.00000E+00    0.18749E-13
    0.45600E+07    0.00000E+00    0.00000E+00    0.00000E+00    0.00000E+00    0.00000E+00    0.18790E-13
    0.45650E+07    0.00000E+00    0.00000E+00    0.00000E+00    0.00000E+00    0.00000E+00    0.18831E-13
    0.45700E+07    0.00000E+00    0.00000E+00    0.00000E+00    0.00000E+00    0.00000E+00    0.18873E-13
    0.45750E+07    0.00000E+00    0.00000E+00    0.00000E+00    0.00000E+00    0.00000E+00    0.18914E-13
    0.45800E+07    0.00000E+00    0.00000E+00    0.00000E+00    0.00000E+00    0.00000E+00    0.18955E-13
    0.45850E+07    0.00000E+00    0.00000E+00    0.00000E+00    0.00000E+00    0.00000E+00    0.18997E-13
    0.45900E+07    0.00000E+00    0.00000E+00    0.00000E+00    0.00000E+00    0.00000E+00    0.19038E-13
    0.45950E+07    0.00000E+00    0.00000E+00    0.00000E+00    0.00000E+00    0.00000E+00    0.19080E-13
    0.46000E+07    0.00000E+00    0.00000E+00    0.00000E+00    0.00000E+00    0.00000E+00    0.19121E-13
    0.46050E+07    0.00000E+00    0.00000E+00    0.00000E+00    0.00000E+00    0.00000E+00    0.19163E-13
    0.46100E+07    0.00000E+00    0.00000E+00    0.00000E+00    0.00000E+00    0.00000E+00    0.19204E-13
    0.46150E+07    0.00000E+00    0.00000E+00    0.00000E+00    0.00000E+00    0.00000E+00    0.19246E-13
    0.46200E+07    0.00000E+00    0.00000E+00    0.00000E+00    0.00000E+00    0.00000E+00    0.19288E-13
    0.46250E+07    0.00000E+00    0.00000E+00    0.00000E+00    0.00000E+00    0.00000E+00    0.19330E-13
    0.46300E+07    0.00000E+00    0.00000E+00    0.00000E+00    0.00000E+00    0.00000E+00    0.19371E-13
    0.46350E+07    0.00000E+00    0.00000E+00    0.00000E+00    0.00000E+00    0.00000E+00    0.19413E-13
    0.46400E+07    0.00000E+00    0.00000E+00    0.00000E+00    0.00000E+00    0.00000E+00    0.19455E-13
    0.46450E+07    0.00000E+00    0.00000E+00    0.00000E+00    0.00000E+00    0.00000E+00    0.19497E-13
    0.46500E+07    0.00000E+00    0.00000E+00    0.00000E+00    0.00000E+00    0.00000E+00    0.19539E-13
    0.46550E+07    0.00000E+00    0.00000E+00    0.00000E+00    0.00000E+00    0.00000E+00    0.19581E-13
    0.46600E+07    0.00000E+00    0.00000E+00    0.00000E+00    0.00000E+00    0.00000E+00    0.19623E-13
    0.46650E+07    0.00000E+00    0.00000E+00    0.00000E+00    0.00000E+00    0.00000E+00    0.19665E-13
    0.46700E+07    0.00000E+00    0.00000E+00    0.00000E+00    0.00000E+00    0.00000E+00    0.19708E-13
    0.46750E+07    0.00000E+00    0.00000E+00    0.00000E+00    0.00000E+00    0.00000E+00    0.19750E-13
    0.46800E+07    0.00000E+00    0.00000E+00    0.00000E+00    0.00000E+00    0.00000E+00    0.19792E-13
    0.46850E+07    0.00000E+00    0.00000E+00    0.00000E+00    0.00000E+00    0.00000E+00    0.19834E-13
    0.46900E+07    0.00000E+00    0.00000E+00    0.00000E+00    0.00000E+00    0.00000E+00    0.19877E-13
    0.46950E+07    0.00000E+00    0.00000E+00    0.00000E+00    0.00000E+00    0.00000E+00    0.19919E-13
    0.47000E+07    0.00000E+00    0.00000E+00    0.00000E+00    0.00000E+00    0.00000E+00    0.19962E-13
    0.47050E+07    0.00000E+00    0.00000E+00    0.00000E+00    0.00000E+00    0.00000E+00    0.20004E-13
    0.47100E+07    0.00000E+00    0.00000E+00    0.00000E+00    0.00000E+00    0.00000E+00    0.20047E-13
    0.47150E+07    0.00000E+00    0.00000E+00    0.00000E+00    0.00000E+00    0.00000E+00    0.20089E-13
    0.47200E+07    0.00000E+00    0.00000E+00    0.00000E+00    0.00000E+00    0.00000E+00    0.20132E-13
    0.47250E+07    0.00000E+00    0.00000E+00    0.00000E+00    0.00000E+00    0.00000E+00    0.20175E-13
    0.47300E+07    0.00000E+00    0.00000E+00    0.00000E+00    0.00000E+00    0.00000E+00    0.20217E-13
    0.47350E+07    0.00000E+00    0.00000E+00    0.00000E+00    0.00000E+00    0.00000E+00    0.20260E-13
    0.47400E+07    0.00000E+00    0.00000E+00    0.00000E+00    0.00000E+00    0.00000E+00    0.20303E-13
    0.47450E+07    0.00000E+00    0.00000E+00    0.00000E+00    0.00000E+00    0.00000E+00    0.20346E-13
    0.47500E+07    0.00000E+00    0.00000E+00    0.00000E+00    0.00000E+00    0.00000E+00    0.20389E-13
    0.47550E+07    0.00000E+00    0.00000E+00    0.00000E+00    0.00000E+00    0.00000E+00    0.20432E-13
    0.47600E+07    0.00000E+00    0.00000E+00    0.00000E+00    0.00000E+00    0.00000E+00    0.20475E-13
    0.47650E+07    0.00000E+00    0.00000E+00    0.00000E+00    0.00000E+00    0.00000E+00    0.20518E-13
    0.47700E+07    0.00000E+00    0.00000E+00    0.00000E+00    0.00000E+00    0.00000E+00    0.20561E-13
    0.47750E+07    0.00000E+00    0.00000E+00    0.00000E+00    0.00000E+00    0.00000E+00    0.20604E-13
    0.47800E+07    0.00000E+00    0.00000E+00    0.00000E+00    0.00000E+00    0.00000E+00    0.20647E-13
    0.47850E+07    0.00000E+00    0.00000E+00    0.00000E+00    0.00000E+00    0.00000E+00    0.20690E-13
    0.47900E+07    0.00000E+00    0.00000E+00    0.00000E+00    0.00000E+00    0.00000E+00    0.20733E-13
    0.47950E+07    0.00000E+00    0.00000E+00    0.00000E+00    0.00000E+00    0.00000E+00    0.20777E-13
    0.48000E+07    0.00000E+00    0.00000E+00    0.00000E+00    0.00000E+00    0.00000E+00    0.20820E-13
    0.48050E+07    0.00000E+00    0.00000E+00    0.00000E+00    0.00000E+00    0.00000E+00    0.20863E-13
    0.48100E+07    0.00000E+00    0.00000E+00    0.00000E+00    0.00000E+00    0.00000E+00    0.20907E-13
    0.48150E+07    0.00000E+00    0.00000E+00    0.00000E+00    0.00000E+00    0.00000E+00    0.20950E-13
    0.48200E+07    0.00000E+00    0.00000E+00    0.00000E+00    0.00000E+00    0.00000E+00    0.20994E-13
    0.48250E+07    0.00000E+00    0.00000E+00    0.00000E+00    0.00000E+00    0.00000E+00    0.21038E-13
    0.48300E+07    0.00000E+00    0.00000E+00    0.00000E+00    0.00000E+00    0.00000E+00    0.21081E-13
    0.48350E+07    0.00000E+00    0.00000E+00    0.00000E+00    0.00000E+00    0.00000E+00    0.21125E-13
    0.48400E+07    0.00000E+00    0.00000E+00    0.00000E+00    0.00000E+00    0.00000E+00    0.21169E-13
    0.48450E+07    0.00000E+00    0.00000E+00    0.00000E+00    0.00000E+00    0.00000E+00    0.21212E-13
    0.48500E+07    0.00000E+00    0.00000E+00    0.00000E+00    0.00000E+00    0.00000E+00    0.21256E-13
    0.48550E+07    0.00000E+00    0.00000E+00    0.00000E+00    0.00000E+00    0.00000E+00    0.21300E-13
    0.48600E+07    0.19873E-30    0.45305E-31    0.81439E-33   -0.45301E-31   -0.21977E-27    0.21344E-13
    0.48650E+07    0.42707E-30    0.97348E-31    0.17440E-32   -0.97337E-31   -0.47155E-27    0.21388E-13
    0.48700E+07    0.54801E-30    0.12492E-30    0.22358E-32   -0.12490E-30   -0.60406E-27    0.21432E-13
    0.48750E+07    0.70296E-30    0.16026E-30    0.28660E-32   -0.16024E-30   -0.77376E-27    0.21476E-13
    0.48800E+07    0.90139E-30    0.20554E-30    0.36736E-32   -0.20551E-30   -0.99096E-27    0.21520E-13
    0.48850E+07    0.11554E-29    0.26353E-30    0.47078E-32   -0.26348E-30   -0.12688E-26    0.21564E-13
    0.48900E+07    0.14805E-29    0.33775E-30    0.60319E-32   -0.33769E-30   -0.16240E-26    0.21608E-13
    0.48950E+07    0.18964E-29    0.43270E-30    0.77264E-32   -0.43263E-30   -0.20781E-26    0.21652E-13
    0.49000E+07    0.24281E-29    0.55414E-30    0.98942E-32   -0.55404E-30   -0.26580E-26    0.21697E-13
    0.49050E+07    0.31079E-29    0.70938E-30    0.12666E-31   -0.70925E-30   -0.33986E-26    0.21741E-13
    0.49100E+07    0.39766E-29    0.90773E-30    0.16210E-31   -0.90757E-30   -0.43439E-26    0.21785E-13
    0.49150E+07    0.50861E-29    0.11611E-29    0.20739E-31   -0.11609E-29   -0.55499E-26    0.21830E-13
    0.49200E+07    0.65029E-29    0.14846E-29    0.26523E-31   -0.14843E-29   -0.70880E-26    0.21874E-13
    0.49250E+07    0.83114E-29    0.18975E-29    0.33910E-31   -0.18971E-29   -0.90489E-26    0.21919E-13
    0.49300E+07    0.10619E-28    0.24242E-29    0.43339E-31   -0.24237E-29   -0.11548E-25    0.21963E-13
    0.49350E+07    0.13562E-28    0.30960E-29    0.55370E-31   -0.30954E-29   -0.14731E-25    0.22008E-13
    0.49400E+07    0.17314E-28    0.39524E-29    0.70716E-31   -0.39516E-29   -0.18785E-25    0.22052E-13
    0.49450E+07    0.22097E-28    0.50438E-29    0.90283E-31   -0.50428E-29   -0.23946E-25    0.22097E-13
    0.49500E+07    0.28190E-28    0.64342E-29    0.11522E-30   -0.64329E-29   -0.30512E-25    0.22142E-13
    0.49550E+07    0.35951E-28    0.82047E-29    0.14700E-30   -0.82030E-29   -0.38864E-25    0.22186E-13
    0.49600E+07    0.45831E-28    0.10459E-28    0.18747E-30   -0.10456E-28   -0.49483E-25    0.22231E-13
    0.49650E+07    0.58405E-28    0.13327E-28    0.23900E-30   -0.13324E-28   -0.62981E-25    0.22276E-13
    0.49700E+07    0.74401E-28    0.16975E-28    0.30458E-30   -0.16971E-28   -0.80130E-25    0.22321E-13
    0.49750E+07    0.94745E-28    0.21614E-28    0.38802E-30   -0.21609E-28   -0.10191E-24    0.22366E-13
    0.49800E+07    0.12061E-27    0.27510E-28    0.49413E-30   -0.27504E-28   -0.12956E-24    0.22411E-13
    0.49850E+07    0.15347E-27    0.35002E-28    0.62904E-30   -0.34994E-28   -0.16466E-24    0.22456E-13
    0.49900E+07    0.19522E-27    0.44518E-28    0.80049E-30   -0.44508E-28   -0.20918E-24    0.22501E-13
    0.49950E+07    0.24824E-27    0.56600E-28    0.10183E-29   -0.56587E-28   -0.26565E-24    0.22546E-13
    0.50000E+07    0.31553E-27    0.71935E-28    0.12949E-29   -0.71919E-28   -0.33723E-24    0.22591E-13
    0.50050E+07    0.40093E-27    0.91392E-28    0.16460E-29   -0.91371E-28   -0.42794E-24    0.22636E-13
    0.50100E+07    0.50926E-27    0.11607E-27    0.20916E-29   -0.11604E-27   -0.54285E-24    0.22682E-13
    0.50150E+07    0.64661E-27    0.14735E-27    0.26569E-29   -0.14732E-27   -0.68836E-24    0.22727E-13
    0.50200E+07    0.82071E-27    0.18701E-27    0.33737E-29   -0.18696E-27   -0.87256E-24    0.22772E-13
    0.50250E+07    0.10413E-26    0.23724E-27    0.42824E-29   -0.23718E-27   -0.11056E-23    0.22818E-13
    0.50300E+07    0.13207E-26    0.30085E-27    0.54338E-29   -0.30078E-27   -0.14004E-23    0.22863E-13
    0.50350E+07    0.16745E-26    0.38139E-27    0.68923E-29   -0.38129E-27   -0.17732E-23    0.22909E-13
    0.50400E+07    0.21223E-26    0.48331E-27    0.87391E-29   -0.48319E-27   -0.22443E-23    0.22954E-13
    0.50450E+07    0.26888E-26    0.61225E-27    0.11077E-28   -0.61209E-27   -0.28396E-23    0.23000E-13
    0.50500E+07    0.34053E-26    0.77529E-27    0.14035E-28   -0.77509E-27   -0.35915E-23    0.23045E-13
    0.50550E+07    0.43112E-26    0.98141E-27    0.17776E-28   -0.98114E-27   -0.45408E-23    0.23091E-13
    0.50600E+07    0.54561E-26    0.12419E-26    0.22507E-28   -0.12415E-26   -0.57388E-23    0.23137E-13
    0.50650E+07    0.69025E-26    0.15709E-26    0.28486E-28   -0.15704E-26   -0.72503E-23    0.23182E-13
    0.50700E+07    0.87292E-26    0.19863E-26    0.36040E-28   -0.19857E-26   -0.91565E-23    0.23228E-13
    0.50750E+07    0.11035E-25    0.25107E-26    0.45582E-28   -0.25100E-26   -0.11559E-22    0.23274E-13
    0.50800E+07    0.13946E-25    0.31724E-26    0.57628E-28   -0.31715E-26   -0.14588E-22    0.23320E-13
    0.50850E+07    0.17617E-25    0.40070E-26    0.72833E-28   -0.40058E-26   -0.18403E-22    0.23366E-13
    0.50900E+07    0.22246E-25    0.50593E-26    0.92015E-28   -0.50578E-26   -0.23207E-22    0.23412E-13
    0.50950E+07    0.28083E-25    0.63857E-26    0.11621E-27   -0.63838E-26   -0.29254E-22    0.23458E-13
    0.51000E+07    0.35437E-25    0.80569E-26    0.14671E-27   -0.80545E-26   -0.36863E-22    0.23504E-13
    0.51050E+07    0.44701E-25    0.10162E-25    0.18514E-27   -0.10159E-25   -0.46435E-22    0.23550E-13
    0.51100E+07    0.56366E-25    0.12812E-25    0.23357E-27   -0.12808E-25   -0.58470E-22    0.23596E-13
    0.51150E+07    0.71049E-25    0.16147E-25    0.29455E-27   -0.16142E-25   -0.73597E-22    0.23642E-13
    0.51200E+07    0.89525E-25    0.20343E-25    0.37132E-27   -0.20337E-25   -0.92603E-22    0.23689E-13
    0.51250E+07    0.11276E-24    0.25621E-25    0.46793E-27   -0.25612E-25   -0.11647E-21    0.23735E-13
    0.51300E+07    0.14198E-24    0.32255E-25    0.58946E-27   -0.32245E-25   -0.14645E-21    0.23781E-13
    0.51350E+07    0.17871E-24    0.40593E-25    0.74229E-27   -0.40579E-25   -0.18406E-21    0.23828E-13
    0.51400E+07    0.22485E-24    0.51067E-25    0.93439E-27   -0.51050E-25   -0.23125E-21    0.23874E-13
    0.51450E+07    0.28280E-24    0.64221E-25    0.11758E-26   -0.64199E-25   -0.29043E-21    0.23921E-13
    0.51500E+07    0.35556E-24    0.80733E-25    0.14790E-26   -0.80705E-25   -0.36463E-21    0.23967E-13
    0.51550E+07    0.44688E-24    0.10145E-24    0.18598E-26   -0.10142E-24   -0.45760E-21    0.24014E-13
    0.51600E+07    0.56144E-24    0.12745E-24    0.23377E-26   -0.12740E-24   -0.57407E-21    0.24060E-13
    0.51650E+07    0.70512E-24    0.16004E-24    0.29374E-26   -0.15998E-24   -0.71991E-21    0.24107E-13
    0.51700E+07    0.88523E-24    0.20089E-24    0.36896E-26   -0.20082E-24   -0.90247E-21    0.24154E-13
    0.51750E+07    0.11109E-23    0.25208E-24    0.46326E-26   -0.25199E-24   -0.11309E-20    0.24200E-13
    0.51800E+07    0.13937E-23    0.31620E-24    0.58147E-26   -0.31608E-24   -0.14166E-20    0.24247E-13
    0.51850E+07    0.17478E-23    0.39648E-24    0.72956E-26   -0.39633E-24   -0.17739E-20    0.24294E-13
    0.51900E+07    0.21910E-23    0.49697E-24    0.91505E-26   -0.49677E-24   -0.22204E-20    0.24341E-13
    0.51950E+07    0.27457E-23    0.62269E-24    0.11473E-25   -0.62244E-24   -0.27783E-20    0.24388E-13
    0.52000E+07    0.34394E-23    0.77993E-24    0.14379E-25   -0.77962E-24   -0.34750E-20    0.24435E-13
    0.52050E+07    0.43069E-23    0.97651E-24    0.18015E-25   -0.97612E-24   -0.43448E-20    0.24482E-13
    0.52100E+07    0.53912E-23    0.12222E-23    0.22562E-25   -0.12217E-23   -0.54304E-20    0.24529E-13
    0.52150E+07    0.67459E-23    0.15291E-23    0.28246E-25   -0.15285E-23   -0.67846E-20    0.24576E-13
    0.52200E+07    0.84379E-23    0.19124E-23    0.35350E-25   -0.19116E-23   -0.84733E-20    0.24623E-13
    0.52250E+07    0.10551E-22    0.23910E-23    0.44224E-25   -0.23899E-23   -0.10578E-19    0.24670E-13
    0.52300E+07    0.13187E-22    0.29881E-23    0.55306E-25   -0.29868E-23   -0.13201E-19    0.24717E-13
    0.52350E+07    0.16476E-22    0.37330E-23    0.69138E-25   -0.37313E-23   -0.16469E-19    0.24765E-13
    0.52400E+07    0.20579E-22    0.46619E-23    0.86399E-25   -0.46597E-23   -0.20537E-19    0.24812E-13
    0.52450E+07    0.25693E-22    0.58197E-23    0.10793E-24   -0.58170E-23   -0.25600E-19    0.24859E-13
    0.52500E+07    0.32066E-22    0.72624E-23    0.13477E-24   -0.72590E-23   -0.31900E-19    0.24907E-13
    0.52550E+07    0.40004E-22    0.90593E-23    0.16823E-24   -0.90550E-23   -0.39734E-19    0.24954E-13
    0.52600E+07    0.49890E-22    0.11297E-22    0.20993E-24   -0.11291E-22   -0.49475E-19    0.25002E-13
    0.52650E+07    0.62195E-22    0.14081E-22    0.26185E-24   -0.14074E-22   -0.61579E-19    0.25049E-13
    0.52700E+07    0.77506E-22    0.17546E-22    0.32650E-24   -0.17537E-22   -0.76616E-19    0.25097E-13
    0.52750E+07    0.96551E-22    0.21855E-22    0.40695E-24   -0.21844E-22   -0.95288E-19    0.25145E-13
    0.52800E+07    0.12023E-21    0.27212E-22    0.50705E-24   -0.27198E-22   -0.11846E-18    0.25192E-13
    0.52850E+07    0.14966E-21    0.33869E-22    0.63153E-24   -0.33851E-22   -0.14722E-18    0.25240E-13
    0.52900E+07    0.18622E-21    0.42138E-22    0.78627E-24   -0.42116E-22   -0.18289E-18    0.25288E-13
    0.52950E+07    0.23163E-21    0.52408E-22    0.97857E-24   -0.52379E-22   -0.22711E-18    0.25336E-13
    0.53000E+07    0.28800E-21    0.65155E-22    0.12174E-23   -0.65119E-22   -0.28192E-18    0.25383E-13
    0.53050E+07    0.35795E-21    0.80973E-22    0.15141E-23   -0.80927E-22   -0.34982E-18    0.25431E-13
    0.53100E+07    0.44473E-21    0.10059E-21    0.18822E-23   -0.10053E-21   -0.43390E-18    0.25479E-13
    0.53150E+07    0.55233E-21    0.12492E-21    0.23390E-23   -0.12484E-21   -0.53799E-18    0.25527E-13
    0.53200E+07    0.68571E-21    0.15507E-21    0.29057E-23   -0.15497E-21   -0.66678E-18    0.25575E-13
    0.53250E+07    0.85097E-21    0.19242E-21    0.36081E-23   -0.19230E-21   -0.82609E-18    0.25624E-13
    0.53300E+07    0.10556E-20    0.23868E-21    0.44788E-23   -0.23853E-21   -0.10231E-17    0.25672E-13
    0.53350E+07    0.13091E-20    0.29595E-21    0.55573E-23   -0.29576E-21   -0.12665E-17    0.25720E-13
    0.53400E+07    0.16227E-20    0.36682E-21    0.68931E-23   -0.36658E-21   -0.15672E-17    0.25768E-13
    0.53450E+07    0.20106E-20    0.45448E-21    0.85466E-23   -0.45418E-21   -0.19386E-17    0.25816E-13
    0.53500E+07    0.24904E-20    0.56288E-21    0.10593E-22   -0.56250E-21   -0.23970E-17    0.25865E-13
    0.53550E+07    0.30835E-20    0.69686E-21    0.13124E-22   -0.69638E-21   -0.29627E-17    0.25913E-13
    0.53600E+07    0.38162E-20    0.86240E-21    0.16253E-22   -0.86180E-21   -0.36604E-17    0.25961E-13
    0.53650E+07    0.47214E-20    0.10669E-20    0.20121E-22   -0.10661E-20   -0.45207E-17    0.26010E-13
    0.53700E+07    0.58388E-20    0.13193E-20    0.24900E-22   -0.13183E-20   -0.55809E-17    0.26058E-13
    0.53750E+07    0.72180E-20    0.16308E-20    0.30802E-22   -0.16295E-20   -0.68869E-17    0.26107E-13
    0.53800E+07    0.89193E-20    0.20150E-20    0.38088E-22   -0.20135E-20   -0.84952E-17    0.26156E-13
    0.53850E+07    0.11017E-19    0.24888E-20    0.47080E-22   -0.24869E-20   -0.10475E-16    0.26204E-13
    0.53900E+07    0.13604E-19    0.30728E-20    0.58171E-22   -0.30704E-20   -0.12911E-16    0.26253E-13
    0.53950E+07    0.16790E-19    0.37924E-20    0.71847E-22   -0.37893E-20   -0.15906E-16    0.26302E-13
    0.54000E+07    0.20715E-19    0.46786E-20    0.88703E-22   -0.46747E-20   -0.19589E-16    0.26350E-13
    0.54050E+07    0.25547E-19    0.57696E-20    0.10947E-21   -0.57648E-20   -0.24115E-16    0.26399E-13
    0.54100E+07    0.31494E-19    0.71122E-20    0.13505E-21   -0.71061E-20   -0.29674E-16    0.26448E-13
    0.54150E+07    0.38809E-19    0.87637E-20    0.16654E-21   -0.87560E-20   -0.36499E-16    0.26497E-13
    0.54200E+07    0.47803E-19    0.10794E-19    0.20528E-21   -0.10785E-19   -0.44875E-16    0.26546E-13
    0.54250E+07    0.58859E-19    0.13290E-19    0.25294E-21   -0.13278E-19   -0.55151E-16    0.26595E-13
    0.54300E+07    0.72442E-19    0.16357E-19    0.31155E-21   -0.16341E-19   -0.67753E-16    0.26644E-13
    0.54350E+07    0.89123E-19    0.20122E-19    0.38357E-21   -0.20103E-19   -0.83199E-16    0.26693E-13
    0.54400E+07    0.10960E-18    0.24745E-19    0.47206E-21   -0.24721E-19   -0.10212E-15    0.26742E-13
    0.54450E+07    0.13473E-18    0.30417E-19    0.58072E-21   -0.30386E-19   -0.12530E-15    0.26791E-13
    0.54500E+07    0.16554E-18    0.37374E-19    0.71410E-21   -0.37335E-19   -0.15366E-15    0.26841E-13
    0.54550E+07    0.20333E-18    0.45903E-19    0.87776E-21   -0.45855E-19   -0.18838E-15    0.26890E-13
    0.54600E+07    0.24963E-18    0.56355E-19    0.10785E-20   -0.56294E-19   -0.23083E-15    0.26939E-13
    0.54650E+07    0.30634E-18    0.69159E-19    0.13246E-20   -0.69082E-19   -0.28273E-15    0.26989E-13
    0.54700E+07    0.37578E-18    0.84835E-19    0.16261E-20   -0.84739E-19   -0.34614E-15    0.27038E-13
    0.54750E+07    0.46077E-18    0.10402E-18    0.19955E-20   -0.10390E-18   -0.42360E-15    0.27088E-13
    0.54800E+07    0.56474E-18    0.12749E-18    0.24478E-20   -0.12734E-18   -0.51817E-15    0.27137E-13
    0.54850E+07    0.69186E-18    0.15620E-18    0.30013E-20   -0.15601E-18   -0.63356E-15    0.27187E-13
    0.54900E+07    0.84724E-18    0.19128E-18    0.36784E-20   -0.19104E-18   -0.77431E-15    0.27237E-13
    0.54950E+07    0.10371E-17    0.23414E-18    0.45063E-20   -0.23384E-18   -0.94591E-15    0.27286E-13
    0.55000E+07    0.12689E-17    0.28649E-18    0.55183E-20   -0.28611E-18   -0.11550E-14    0.27336E-13
    0.55050E+07    0.15518E-17    0.35038E-18    0.67546E-20   -0.34991E-18   -0.14097E-14    0.27386E-13
    0.55100E+07    0.18970E-17    0.42833E-18    0.82644E-20   -0.42774E-18   -0.17198E-14    0.27436E-13
    0.55150E+07    0.23179E-17    0.52341E-18    0.10107E-19   -0.52267E-18   -0.20972E-14    0.27486E-13
    0.55200E+07    0.28310E-17    0.63930E-18    0.12355E-19   -0.63837E-18   -0.25561E-14    0.27536E-13
    0.55250E+07    0.34560E-17    0.78051E-18    0.15097E-19   -0.77934E-18   -0.31140E-14    0.27587E-13
    0.55300E+07    0.42172E-17    0.95248E-18    0.18439E-19   -0.95101E-18   -0.37920E-14    0.27637E-13
    0.55350E+07    0.51436E-17    0.11618E-17    0.22511E-19   -0.11600E-17   -0.46154E-14    0.27688E-13
    0.55400E+07    0.62707E-17    0.14165E-17    0.27470E-19   -0.14142E-17   -0.56150E-14    0.27738E-13
    0.55450E+07    0.76413E-17    0.17263E-17    0.33505E-19   -0.17234E-17   -0.68278E-14    0.27789E-13
    0.55500E+07    0.93070E-17    0.21028E-17    0.40849E-19   -0.20992E-17   -0.82985E-14    0.27841E-13
    0.55550E+07    0.11330E-16    0.25603E-17    0.49779E-19   -0.25558E-17   -0.10081E-13    0.27892E-13
    0.55600E+07    0.13787E-16    0.31159E-17    0.60633E-19   -0.31102E-17   -0.12241E-13    0.27944E-13
    0.55650E+07    0.16769E-16    0.37903E-17    0.73819E-19   -0.37832E-17   -0.14856E-13    0.27996E-13
    0.55700E+07    0.20385E-16    0.46084E-17    0.89831E-19   -0.45995E-17   -0.18020E-13    0.28048E-13
    0.55750E+07    0.24777E-16    0.56013E-17    0.10926E-18   -0.55901E-17   -0.21827E-13    0.28102E-13
    0.55800E+07    0.30101E-16    0.68052E-17    0.13284E-18   -0.67911E-17   -0.26426E-13    0.28155E-13
    0.55800E+07    0.30101E-16    0.68052E-17    0.13284E-18   -0.67911E-17   -0.26426E-13    0.28155E-13
    0.55850E+07    0.36602E-16    0.82826E-17    0.16126E-18   -0.82640E-17   -0.32116E-13    0.28210E-13
    0.55900E+07    0.44486E-16    0.10079E-16    0.19577E-18   -0.10055E-16   -0.39035E-13    0.28265E-13
    0.55950E+07    0.54041E-16    0.12260E-16    0.23767E-18   -0.12229E-16   -0.47439E-13    0.28322E-13
    0.56000E+07    0.65615E-16    0.14908E-16    0.28850E-18   -0.14868E-16   -0.57639E-13    0.28380E-13
    0.56050E+07    0.79627E-16    0.18118E-16    0.35014E-18   -0.18067E-16   -0.70008E-13    0.28439E-13
    0.56100E+07    0.96578E-16    0.22007E-16    0.42483E-18   -0.21944E-16   -0.84994E-13    0.28500E-13
    0.56150E+07    0.11708E-15    0.26717E-16    0.51528E-18   -0.26637E-16   -0.10314E-12    0.28564E-13
    0.56200E+07    0.14185E-15    0.32414E-16    0.62475E-18   -0.32315E-16   -0.12509E-12    0.28630E-13
    0.56250E+07    0.17176E-15    0.39304E-16    0.75717E-18   -0.39180E-16   -0.15163E-12    0.28700E-13
    0.56300E+07    0.20787E-15    0.47628E-16    0.91725E-18   -0.47474E-16   -0.18370E-12    0.28773E-13
    0.56350E+07    0.25143E-15    0.57678E-16    0.11106E-17   -0.57487E-16   -0.22241E-12    0.28851E-13
    0.56400E+07    0.30393E-15    0.69806E-16    0.13441E-17   -0.69569E-16   -0.26911E-12    0.28935E-13
    0.56450E+07    0.36719E-15    0.84431E-16    0.16259E-17   -0.84137E-16   -0.32542E-12    0.29025E-13
    0.56500E+07    0.44335E-15    0.10205E-15    0.19657E-17   -0.10169E-15   -0.39325E-12    0.29123E-13
    0.56550E+07    0.53498E-15    0.12328E-15    0.23752E-17   -0.12283E-15   -0.47493E-12    0.29231E-13
    0.56600E+07    0.64517E-15    0.14882E-15    0.28684E-17   -0.14827E-15   -0.57321E-12    0.29350E-13
    0.56650E+07    0.77757E-15    0.17955E-15    0.34620E-17   -0.17886E-15   -0.69137E-12    0.29484E-13
    0.56700E+07    0.93656E-15    0.21647E-15    0.41760E-17   -0.21563E-15   -0.83334E-12    0.29633E-13
    0.56750E+07    0.11274E-14    0.26082E-15    0.50344E-17   -0.25978E-15   -0.10038E-11    0.29802E-13
    0.56800E+07    0.13562E-14    0.31405E-15    0.60655E-17   -0.31277E-15   -0.12083E-11    0.29994E-13
    0.56850E+07    0.16303E-14    0.37790E-15    0.73033E-17   -0.37632E-15   -0.14535E-11    0.30215E-13
    0.56900E+07    0.19587E-14    0.45444E-15    0.87883E-17   -0.45249E-15   -0.17473E-11    0.30468E-13
    0.56950E+07    0.23516E-14    0.54611E-15    0.10569E-16   -0.54370E-15   -0.20990E-11    0.30761E-13
    0.57000E+07    0.28214E-14    0.65583E-15    0.12701E-16   -0.65288E-15   -0.25198E-11    0.31101E-13
    0.57050E+07    0.33828E-14    0.78707E-15    0.15255E-16   -0.78343E-15   -0.30227E-11    0.31496E-13
    0.57100E+07    0.40532E-14    0.94393E-15    0.18310E-16   -0.93945E-15   -0.36235E-11    0.31958E-13
    0.57149E+07    0.48411E-14    0.11285E-14    0.21907E-16   -0.11230E-14   -0.43300E-11    0.32491E-13
    0.57199E+07    0.57780E-14    0.13482E-14    0.26193E-16   -0.13414E-14   -0.51703E-11    0.33114E-13
    0.57199E+07    0.70241E-14    0.16261E-14    0.22334E-16   -0.15573E-14   -0.55175E-11    0.33909E-13
    0.57200E+07    0.70579E-14    0.16365E-14    0.22501E-16   -0.15679E-14   -0.55597E-11    0.33929E-13
    0.57250E+07    0.84204E-14    0.20418E-14    0.29181E-16   -0.19818E-14   -0.72093E-11    0.34753E-13
    0.57300E+07    0.10053E-13    0.25044E-14    0.37117E-16   -0.24511E-14   -0.90912E-11    0.35733E-13
    0.57350E+07    0.11996E-13    0.30339E-14    0.46529E-16   -0.29857E-14   -0.11239E-10    0.36891E-13
    0.57400E+07    0.14299E-13    0.36423E-14    0.57678E-16   -0.35977E-14   -0.13696E-10    0.38255E-13
    0.57450E+07    0.17023E-13    0.43434E-14    0.70866E-16   -0.43013E-14   -0.16514E-10    0.39858E-13
    0.57500E+07    0.20239E-13    0.51541E-14    0.86446E-16   -0.51135E-14   -0.19755E-10    0.41740E-13
    0.57550E+07    0.24033E-13    0.60940E-14    0.10484E-15   -0.60539E-14   -0.23492E-10    0.43950E-13
    0.57600E+07    0.28505E-13    0.71862E-14    0.12653E-15   -0.71457E-14   -0.27812E-10    0.46543E-13
    0.57650E+07    0.33775E-13    0.84577E-14    0.15209E-15   -0.84158E-14   -0.32815E-10    0.49585E-13
    0.57700E+07    0.39979E-13    0.99400E-14    0.18220E-15   -0.98959E-14   -0.38620E-10    0.53153E-13
    0.57750E+07    0.47280E-13    0.11670E-13    0.21765E-15   -0.11623E-13   -0.45363E-10    0.57338E-13
    0.57800E+07    0.55865E-13    0.13691E-13    0.25935E-15   -0.13639E-13   -0.53202E-10    0.62245E-13
    0.57850E+07    0.65956E-13    0.16052E-13    0.30839E-15   -0.15995E-13   -0.62323E-10    0.67997E-13
    0.57900E+07    0.77807E-13    0.18813E-13    0.36604E-15   -0.18748E-13   -0.72937E-10    0.74734E-13
    0.57950E+07    0.91716E-13    0.22040E-13    0.43375E-15   -0.21966E-13   -0.85294E-10    0.82624E-13
    0.58000E+07    0.10803E-12    0.25813E-13    0.51325E-15   -0.25728E-13   -0.99678E-10    0.91858E-13
    0.58050E+07    0.12715E-12    0.30223E-13    0.60652E-15   -0.30124E-13   -0.11642E-09    0.10266E-12
    0.58100E+07    0.14955E-12    0.35376E-13    0.71591E-15   -0.35260E-13   -0.13590E-09    0.11528E-12
    0.58150E+07    0.17575E-12    0.41395E-13    0.84410E-15   -0.41258E-13   -0.15856E-09    0.13003E-12
    0.58200E+07    0.20640E-12    0.48422E-13    0.99422E-15   -0.48260E-13   -0.18491E-09    0.14725E-12
    0.58250E+07    0.24222E-12    0.56623E-13    0.11699E-14   -0.56430E-13   -0.21553E-09    0.16734E-12
    0.58300E+07    0.28404E-12    0.66188E-13    0.13754E-14   -0.65958E-13   -0.25109E-09    0.19076E-12
    0.58350E+07    0.33284E-12    0.77336E-13    0.16156E-14   -0.77061E-13   -0.29235E-09    0.21803E-12
    0.58400E+07    0.38973E-12    0.90323E-13    0.18962E-14   -0.89992E-13   -0.34022E-09    0.24978E-12
    0.58450E+07    0.45599E-12    0.10544E-12    0.22235E-14   -0.10504E-12   -0.39569E-09    0.28670E-12
    0.58500E+07    0.53312E-12    0.12302E-12    0.26053E-14   -0.12254E-12   -0.45994E-09    0.32960E-12
    0.58550E+07    0.62281E-12    0.14346E-12    0.30502E-14   -0.14288E-12   -0.53427E-09    0.37941E-12
    0.58600E+07    0.72701E-12    0.16720E-12    0.35682E-14   -0.16650E-12   -0.62020E-09    0.43719E-12
    0.58636E+07    0.81108E-12    0.18634E-12    0.39868E-14   -0.18554E-12   -0.68923E-09    0.48374E-12
    0.58636E+07    0.83679E-12    0.19266E-12    0.38895E-14   -0.19118E-12   -0.71005E-09    0.49700E-12
    0.58668E+07    0.92486E-12    0.21380E-12    0.43308E-14   -0.21224E-12   -0.78841E-09    0.54495E-12
    0.58700E+07    0.10218E-11    0.23695E-12    0.48167E-14   -0.23530E-12   -0.87392E-09    0.59767E-12
    0.58750E+07    0.11919E-11    0.27731E-12    0.56691E-14   -0.27548E-12   -0.10223E-08    0.68993E-12
    0.58800E+07    0.13889E-11    0.32378E-12    0.66579E-14   -0.32173E-12   -0.11922E-08    0.79661E-12
    0.58850E+07    0.16171E-11    0.37731E-12    0.78042E-14   -0.37499E-12   -0.13870E-08    0.91985E-12
    0.58900E+07    0.18811E-11    0.43895E-12    0.91321E-14   -0.43631E-12   -0.16100E-08    0.10621E-11
    0.58950E+07    0.21861E-11    0.50991E-12    0.10669E-13   -0.50687E-12   -0.18655E-08    0.12260E-11
    0.59000E+07    0.25383E-11    0.59156E-12    0.12447E-13   -0.58804E-12   -0.21579E-08    0.14148E-11
    0.59050E+07    0.29445E-11    0.68547E-12    0.14501E-13   -0.68137E-12   -0.24925E-08    0.16320E-11
    0.59100E+07    0.34125E-11    0.79340E-12    0.16873E-13   -0.78861E-12   -0.28751E-08    0.18816E-11
    0.59150E+07    0.39512E-11    0.91737E-12    0.19609E-13   -0.91175E-12   -0.33122E-08    0.21682E-11
    0.59200E+07    0.45706E-11    0.10596E-11    0.22763E-13   -0.10530E-11   -0.38112E-08    0.24968E-11
    0.59250E+07    0.52821E-11    0.12228E-11    0.26393E-13   -0.12150E-11   -0.43805E-08    0.28731E-11
    0.59300E+07    0.60985E-11    0.14097E-11    0.30569E-13   -0.14005E-11   -0.50291E-08    0.33037E-11
    0.59350E+07    0.70342E-11    0.16236E-11    0.35368E-13   -0.16127E-11   -0.57676E-08    0.37958E-11
    0.59400E+07    0.81053E-11    0.18682E-11    0.40876E-13   -0.18553E-11   -0.66073E-08    0.43573E-11
    0.59450E+07    0.93301E-11    0.21476E-11    0.47191E-13   -0.21323E-11   -0.75611E-08    0.49974E-11
    0.59500E+07    0.10729E-10    0.24664E-11    0.54424E-13   -0.24482E-11   -0.86431E-08    0.57261E-11
    0.59529E+07    0.11624E-10    0.26702E-11    0.59061E-13   -0.26501E-11   -0.93316E-08    0.61909E-11
    0.59558E+07    0.12589E-10    0.28899E-11    0.64072E-13   -0.28677E-11   -0.10071E-07    0.66914E-11
    0.59558E+07    0.13689E-10    0.30948E-11    0.59340E-13   -0.29726E-11   -0.96787E-08    0.75223E-11
    0.59600E+07    0.15422E-10    0.35435E-11    0.68911E-13   -0.34156E-11   -0.11236E-07    0.83859E-11
    0.59650E+07    0.17741E-10    0.41291E-11    0.81654E-13   -0.39923E-11   -0.13264E-07    0.95365E-11
    0.59700E+07    0.20389E-10    0.47818E-11    0.96147E-13   -0.46338E-11   -0.15517E-07    0.10842E-10
    0.59750E+07    0.23406E-10    0.55104E-11    0.11262E-12   -0.53488E-11   -0.18023E-07    0.12320E-10
    0.59800E+07    0.26838E-10    0.63245E-11    0.13133E-12   -0.61468E-11   -0.20815E-07    0.13991E-10
    0.59850E+07    0.30736E-10    0.72352E-11    0.15257E-12   -0.70387E-11   -0.23927E-07    0.15875E-10
    0.59900E+07    0.35161E-10    0.82548E-11    0.17667E-12   -0.80365E-11   -0.27401E-07    0.18000E-10
    0.59950E+07    0.40293E-10    0.94323E-11    0.20399E-12   -0.92712E-11   -0.31340E-07    0.20366E-10
    0.60000E+07    0.46086E-10    0.10755E-10    0.23494E-12   -0.10671E-10   -0.35742E-07    0.22999E-10
    0.60050E+07    0.52464E-10    0.12193E-10    0.26991E-12   -0.12103E-10   -0.40575E-07    0.25954E-10
    0.60100E+07    0.59651E-10    0.13799E-10    0.30934E-12   -0.13700E-10   -0.45954E-07    0.29257E-10
    0.60150E+07    0.67737E-10    0.15590E-10    0.35377E-12   -0.15482E-10   -0.51938E-07    0.32942E-10
    0.60200E+07    0.76825E-10    0.17589E-10    0.40378E-12   -0.17469E-10   -0.58592E-07    0.37049E-10
    0.60250E+07    0.87024E-10    0.19817E-10    0.46001E-12   -0.19684E-10   -0.65986E-07    0.41619E-10
    0.60300E+07    0.98456E-10    0.22299E-10    0.52315E-12   -0.22150E-10   -0.74199E-07    0.46695E-10
    0.60350E+07    0.11125E-09    0.25062E-10    0.59398E-12   -0.24893E-10   -0.83312E-07    0.52327E-10
    0.60400E+07    0.12556E-09    0.28132E-10    0.67335E-12   -0.27943E-10   -0.93415E-07    0.58564E-10
    0.60450E+07    0.14154E-09    0.31543E-10    0.76216E-12   -0.31328E-10   -0.10460E-06    0.65461E-10
    0.60500E+07    0.15935E-09    0.35325E-10    0.86141E-12   -0.35082E-10   -0.11697E-06    0.73074E-10
    0.60550E+07    0.17918E-09    0.39515E-10    0.97220E-12   -0.39239E-10   -0.13064E-06    0.81464E-10
    0.60600E+07    0.20123E-09    0.44150E-10    0.10957E-11   -0.43836E-10   -0.14572E-06    0.90695E-10
    0.60650E+07    0.22571E-09    0.49270E-10    0.12331E-11   -0.48914E-10   -0.16232E-06    0.10083E-09
    0.60700E+07    0.25285E-09    0.54918E-10    0.13860E-11   -0.54512E-10   -0.18058E-06    0.11194E-09
    0.60750E+07    0.28288E-09    0.61138E-10    0.15556E-11   -0.60675E-10   -0.20063E-06    0.12409E-09
    0.60800E+07    0.31608E-09    0.67977E-10    0.17435E-11   -0.67450E-10   -0.22261E-06    0.13736E-09
    0.60850E+07    0.35271E-09    0.75483E-10    0.19515E-11   -0.74883E-10   -0.24666E-06    0.15181E-09
    0.60900E+07    0.39306E-09    0.83707E-10    0.21814E-11   -0.83024E-10   -0.27293E-06    0.16752E-09
    0.60950E+07    0.43745E-09    0.92702E-10    0.24349E-11   -0.91924E-10   -0.30156E-06    0.18456E-09
    0.61000E+07    0.48618E-09    0.10252E-09    0.27140E-11   -0.10164E-09   -0.33271E-06    0.20300E-09
    0.61050E+07    0.53959E-09    0.11322E-09    0.30209E-11   -0.11221E-09   -0.36652E-06    0.22290E-09
    0.61100E+07    0.59803E-09    0.12485E-09    0.33577E-11   -0.12371E-09   -0.40315E-06    0.24433E-09
    0.61150E+07    0.66185E-09    0.13747E-09    0.37265E-11   -0.13617E-09   -0.44274E-06    0.26735E-09
    0.61200E+07    0.73141E-09    0.15113E-09    0.41298E-11   -0.14965E-09   -0.48542E-06    0.29199E-09
    0.61250E+07    0.80709E-09    0.16588E-09    0.45697E-11   -0.16420E-09   -0.53132E-06    0.31829E-09
    0.61300E+07    0.88926E-09    0.18177E-09    0.50488E-11   -0.17987E-09   -0.58056E-06    0.34629E-09
    0.61350E+07    0.97829E-09    0.19885E-09    0.55692E-11   -0.19670E-09   -0.63322E-06    0.37599E-09
    0.61400E+07    0.10745E-08    0.21715E-09    0.61335E-11   -0.21472E-09   -0.68940E-06    0.40737E-09
    0.61450E+07    0.11784E-08    0.23672E-09    0.67437E-11   -0.23397E-09   -0.74912E-06    0.44041E-09
    0.61500E+07    0.12901E-08    0.25757E-09    0.74021E-11   -0.25446E-09   -0.81243E-06    0.47506E-09
    0.61550E+07    0.14101E-08    0.27972E-09    0.81107E-11   -0.27621E-09   -0.87929E-06    0.51122E-09
    0.61600E+07    0.15385E-08    0.30318E-09    0.88712E-11   -0.29921E-09   -0.94963E-06    0.54878E-09
    0.61650E+07    0.16757E-08    0.32794E-09    0.96851E-11   -0.32346E-09   -0.10234E-05    0.58760E-09
    0.61700E+07    0.18219E-08    0.35397E-09    0.10554E-10   -0.34892E-09   -0.11003E-05    0.62746E-09
    0.61750E+07    0.19771E-08    0.38123E-09    0.11478E-10   -0.37555E-09   -0.11803E-05    0.66813E-09
    0.61800E+07    0.21415E-08    0.40965E-09    0.12457E-10   -0.40326E-09   -0.12629E-05    0.70932E-09
    0.61850E+07    0.23150E-08    0.43916E-09    0.13492E-10   -0.43197E-09   -0.13479E-05    0.75068E-09
    0.61900E+07    0.24975E-08    0.46964E-09    0.14581E-10   -0.46156E-09   -0.14346E-05    0.79179E-09
    0.61950E+07    0.26888E-08    0.50095E-09    0.15721E-10   -0.49187E-09   -0.15227E-05    0.83219E-09
    0.62000E+07    0.28885E-08    0.53292E-09    0.16911E-10   -0.52273E-09   -0.16114E-05    0.87133E-09
    0.62049E+07    0.30935E-08    0.56496E-09    0.18131E-10   -0.55354E-09   -0.16989E-05    0.90815E-09
    0.62049E+07    0.31504E-08    0.58268E-09    0.18296E-10   -0.57129E-09   -0.17787E-05    0.93116E-09
    0.62075E+07    0.32395E-08    0.59726E-09    0.19044E-10   -0.58111E-09   -0.18241E-05    0.94430E-09
    0.62100E+07    0.33300E-08    0.61125E-09    0.19789E-10   -0.59001E-09   -0.18666E-05    0.95726E-09
    0.62150E+07    0.35192E-08    0.63956E-09    0.21252E-10   -0.61236E-09   -0.19457E-05    0.98036E-09
    0.62200E+07    0.37111E-08    0.66575E-09    0.22695E-10   -0.63192E-09   -0.20134E-05    0.10001E-08
    0.62250E+07    0.39045E-08    0.68975E-09    0.24102E-10   -0.64866E-09   -0.20692E-05    0.10158E-08
    0.62300E+07    0.40982E-08    0.71143E-09    0.25459E-10   -0.66251E-09   -0.21127E-05    0.10264E-08
    0.62350E+07    0.42902E-08    0.73063E-09    0.26749E-10   -0.67334E-09   -0.21430E-05    0.10309E-08
    0.62400E+07    0.44788E-08    0.74714E-09    0.27950E-10   -0.68098E-09   -0.21595E-05    0.10280E-08
    0.62450E+07    0.46615E-08    0.76071E-09    0.29038E-10   -0.68520E-09   -0.21612E-05    0.10164E-08
    0.62500E+07    0.48356E-08    0.77105E-09    0.29985E-10   -0.68572E-09   -0.21471E-05    0.99440E-09
    0.62550E+07    0.49982E-08    0.77782E-09    0.30759E-10   -0.68217E-09   -0.21160E-05    0.96039E-09
    0.62600E+07    0.51456E-08    0.78061E-09    0.31322E-10   -0.67413E-09   -0.20668E-05    0.91237E-09
    0.62650E+07    0.52739E-08    0.77897E-09    0.31632E-10   -0.66111E-09   -0.19981E-05    0.84827E-09
    0.62700E+07    0.53789E-08    0.77244E-09    0.31639E-10   -0.64252E-09   -0.19088E-05    0.76582E-09
    0.62750E+07    0.54558E-08    0.76049E-09    0.31288E-10   -0.61768E-09   -0.17978E-05    0.66266E-09
    0.62800E+07    0.54995E-08    0.74258E-09    0.30516E-10   -0.58582E-09   -0.16639E-05    0.53637E-09
    0.62850E+07    0.55047E-08    0.71818E-09    0.29249E-10   -0.54606E-09   -0.15067E-05    0.38456E-09
    0.62900E+07    0.54662E-08    0.68680E-09    0.27409E-10   -0.49741E-09   -0.13261E-05    0.20503E-09
    0.62950E+07    0.53786E-08    0.64801E-09    0.24904E-10   -0.43875E-09   -0.11230E-05   -0.41822E-11
    0.63000E+07    0.52371E-08    0.60152E-09    0.21637E-10   -0.36882E-09   -0.89916E-06   -0.24422E-09
    0.63025E+07    0.51476E-08    0.57628E-09    0.19716E-10   -0.33121E-09   -0.78279E-06   -0.37415E-09
    0.63025E+07    0.42920E-08    0.52696E-09    0.21070E-10   -0.31824E-09   -0.70709E-06   -0.81016E-09
    0.63062E+07    0.41249E-08    0.47285E-09    0.15430E-10   -0.22712E-09   -0.46603E-06   -0.10037E-08
    0.63100E+07    0.39173E-08    0.41718E-09    0.92394E-11   -0.12511E-09   -0.23540E-06   -0.12140E-08
    0.63150E+07    0.35815E-08    0.34090E-09    0.64380E-13    0.29285E-10    0.48338E-07   -0.15151E-08
    0.63200E+07    0.31841E-08    0.26269E-09   -0.10361E-10    0.20822E-09    0.29406E-06   -0.18323E-08
    0.63250E+07    0.27409E-08    0.18485E-09   -0.22203E-10    0.41453E-09    0.48023E-06   -0.21497E-08
    0.63300E+07    0.22792E-08    0.11152E-09   -0.35621E-10    0.65059E-09    0.57495E-06   -0.24431E-08
    0.63350E+07    0.18409E-08    0.49405E-10   -0.50758E-10    0.91811E-09    0.53294E-06   -0.26771E-08
    0.63400E+07    0.14874E-08    0.85483E-11   -0.67731E-10    0.12177E-08    0.29169E-06   -0.28024E-08
    0.63450E+07    0.13061E-08    0.33977E-11   -0.86613E-10    0.15482E-08   -0.23349E-06   -0.27511E-08
    0.63500E+07    0.14180E-08    0.54163E-10   -0.10741E-09    0.19065E-08   -0.11557E-05   -0.24316E-08
    0.63545E+07    0.19043E-08    0.17036E-09   -0.12768E-09    0.22472E-08   -0.24478E-05   -0.18147E-08
    0.63590E+07    0.29192E-08    0.38094E-09   -0.14926E-09    0.25975E-08   -0.43224E-05   -0.76676E-09
    0.63590E+07    0.72605E-09    0.19710E-10   -0.10311E-09    0.28376E-08   -0.34738E-06   -0.31924E-08
    0.63600E+07    0.93855E-09    0.34470E-10   -0.10659E-09    0.28836E-08   -0.47559E-06   -0.31078E-08
    0.63629E+07    0.16760E-08    0.10279E-09   -0.11679E-09    0.30035E-08   -0.90499E-06   -0.27931E-08
    0.63658E+07    0.26133E-08    0.21272E-09   -0.12705E-09    0.30999E-08   -0.14284E-05   -0.23661E-08
    0.63658E+07    0.18137E-09    0.11001E-10   -0.15722E-10    0.67765E-09   -0.11448E-06   -0.66128E-08
    0.63660E+07    0.22767E-09    0.17480E-10   -0.15816E-10    0.63600E-09   -0.14522E-06   -0.66498E-08
    0.63660E+07    0.00000E+00    0.46537E-09   -0.00000E+00    0.13602E-09    0.95482E-07   -0.42486E-08
    0.63710E+07    0.00000E+00    0.14447E-12    0.00000E+00   -0.14447E-12   -0.21670E-09   -0.50267E-08
