    0.10000E+01    0.00000E+00    0.00000E+00    0.00000E+00    0.00000E+00    0.00000E+00   -0.21482E-26
    0.20000E+05    0.00000E+00    0.00000E+00    0.00000E+00    0.00000E+00    0.00000E+00   -0.85927E-18
    0.40000E+05    0.00000E+00    0.00000E+00    0.00000E+00    0.00000E+00    0.00000E+00   -0.34371E-17
    0.60000E+05    0.00000E+00    0.00000E+00    0.00000E+00    0.00000E+00    0.00000E+00   -0.77334E-17
    0.80000E+05    0.00000E+00    0.00000E+00    0.00000E+00    0.00000E+00    0.00000E+00   -0.13748E-16
    0.10000E+06    0.00000E+00    0.00000E+00    0.00000E+00    0.00000E+00    0.00000E+00   -0.21482E-16
    0.12000E+06    0.00000E+00    0.00000E+00    0.00000E+00    0.00000E+00    0.00000E+00   -0.30934E-16
    0.14000E+06    0.00000E+00    0.00000E+00    0.00000E+00    0.00000E+00    0.00000E+00   -0.42104E-16
    0.16000E+06    0.00000E+00    0.00000E+00    0.00000E+00    0.00000E+00    0.00000E+00   -0.54993E-16
    0.18000E+06    0.00000E+00    0.00000E+00    0.00000E+00    0.00000E+00    0.00000E+00   -0.69601E-16
    0.20000E+06    0.00000E+00    0.00000E+00    0.00000E+00    0.00000E+00    0.00000E+00   -0.85927E-16
    0.22000E+06    0.00000E+00    0.00000E+00    0.00000E+00    0.00000E+00    0.00000E+00   -0.10397E-15
    0.24000E+06    0.00000E+00    0.00000E+00    0.00000E+00    0.00000E+00    0.00000E+00   -0.12373E-15
    0.26000E+06    0.00000E+00    0.00000E+00    0.00000E+00    0.00000E+00    0.00000E+00   -0.14522E-15
    0.28000E+06    0.00000E+00    0.00000E+00    0.00000E+00    0.00000E+00    0.00000E+00   -0.16842E-15
    0.30000E+06    0.00000E+00    0.00000E+00    0.00000E+00    0.00000E+00    0.00000E+00   -0.19334E-15
    0.32000E+06    0.00000E+00    0.00000E+00    0.00000E+00    0.00000E+00    0.00000E+00   -0.21997E-15
    0.34000E+06    0.00000E+00    0.00000E+00    0.00000E+00    0.00000E+00    0.00000E+00   -0.24833E-15
    0.36000E+06    0.00000E+00    0.00000E+00    0.00000E+00    0.00000E+00    0.00000E+00   -0.27840E-15
    0.38000E+06    0.00000E+00    0.00000E+00    0.00000E+00    0.00000E+00    0.00000E+00   -0.31020E-15
    0.40000E+06    0.00000E+00    0.00000E+00    0.00000E+00    0.00000E+00    0.00000E+00   -0.34371E-15
    0.42000E+06    0.00000E+00    0.00000E+00    0.00000E+00    0.00000E+00    0.00000E+00   -0.37894E-15
    0.44000E+06    0.00000E+00    0.00000E+00    0.00000E+00    0.00000E+00    0.00000E+00   -0.41589E-15
    0.46000E+06    0.00000E+00    0.00000E+00    0.00000E+00    0.00000E+00    0.00000E+00   -0.45455E-15
    0.48000E+06    0.00000E+00    0.00000E+00    0.00000E+00    0.00000E+00    0.00000E+00   -0.49494E-15
    0.50000E+06    0.00000E+00    0.00000E+00    0.00000E+00    0.00000E+00    0.00000E+00   -0.53704E-15
    0.52000E+06    0.00000E+00    0.00000E+00    0.00000E+00    0.00000E+00    0.00000E+00   -0.58086E-15
    0.54000E+06    0.00000E+00    0.00000E+00    0.00000E+00    0.00000E+00    0.00000E+00   -0.62641E-15
    0.56000E+06    0.00000E+00    0.00000E+00    0.00000E+00    0.00000E+00    0.00000E+00   -0.67367E-15
    0.58000E+06    0.00000E+00    0.00000E+00    0.00000E+00    0.00000E+00    0.00000E+00   -0.72264E-15
    0.60000E+06    0.00000E+00    0.00000E+00    0.00000E+00    0.00000E+00    0.00000E+00   -0.77334E-15
    0.62000E+06    0.00000E+00    0.00000E+00    0.00000E+00    0.00000E+00    0.00000E+00   -0.82576E-15
    0.64000E+06    0.00000E+00    0.00000E+00    0.00000E+00    0.00000E+00    0.00000E+00   -0.87989E-15
    0.66000E+06    0.00000E+00    0.00000E+00    0.00000E+00    0.00000E+00    0.00000E+00   -0.93574E-15
    0.68000E+06    0.00000E+00    0.00000E+00    0.00000E+00    0.00000E+00    0.00000E+00   -0.99331E-15
    0.70000E+06    0.00000E+00    0.00000E+00    0.00000E+00    0.00000E+00    0.00000E+00   -0.10526E-14
    0.72000E+06    0.00000E+00    0.00000E+00    0.00000E+00    0.00000E+00    0.00000E+00   -0.11136E-14
    0.74000E+06    0.00000E+00    0.00000E+00    0.00000E+00    0.00000E+00    0.00000E+00   -0.11763E-14
    0.76000E+06    0.00000E+00    0.00000E+00    0.00000E+00    0.00000E+00    0.00000E+00   -0.12408E-14
    0.78000E+06    0.00000E+00    0.00000E+00    0.00000E+00    0.00000E+00    0.00000E+00   -0.13069E-14
    0.80000E+06    0.00000E+00    0.00000E+00    0.00000E+00    0.00000E+00    0.00000E+00   -0.13748E-14
    0.82000E+06    0.00000E+00    0.00000E+00    0.00000E+00    0.00000E+00    0.00000E+00   -0.14444E-14
    0.84000E+06    0.00000E+00    0.00000E+00    0.00000E+00    0.00000E+00    0.00000E+00   -0.15157E-14
    0.86000E+06    0.00000E+00    0.00000E+00    0.00000E+00    0.00000E+00    0.00000E+00   -0.15888E-14
    0.88000E+06    0.00000E+00    0.00000E+00    0.00000E+00    0.00000E+00    0.00000E+00   -0.16635E-14
    0.90000E+06    0.00000E+00    0.00000E+00    0.00000E+00    0.00000E+00    0.00000E+00   -0.17400E-14
    0.92000E+06    0.00000E+00    0.00000E+00    0.00000E+00    0.00000E+00    0.00000E+00   -0.18182E-14
    0.94000E+06    0.00000E+00    0.00000E+00    0.00000E+00    0.00000E+00    0.00000E+00   -0.18981E-14
    0.96000E+06    0.00000E+00    0.00000E+00    0.00000E+00    0.00000E+00    0.00000E+00   -0.19798E-14
    0.98000E+06    0.00000E+00    0.00000E+00    0.00000E+00    0.00000E+00    0.00000E+00   -0.20631E-14
    0.10000E+07    0.00000E+00    0.00000E+00    0.00000E+00    0.00000E+00    0.00000E+00   -0.21482E-14
    0.10200E+07    0.00000E+00    0.00000E+00    0.00000E+00    0.00000E+00    0.00000E+00   -0.22350E-14
    0.10400E+07    0.00000E+00    0.00000E+00    0.00000E+00    0.00000E+00    0.00000E+00   -0.23235E-14
    0.10600E+07    0.00000E+00    0.00000E+00    0.00000E+00    0.00000E+00    0.00000E+00   -0.24137E-14
    0.10800E+07    0.00000E+00    0.00000E+00    0.00000E+00    0.00000E+00    0.00000E+00   -0.25056E-14
    0.11000E+07    0.00000E+00    0.00000E+00    0.00000E+00    0.00000E+00    0.00000E+00   -0.25993E-14
    0.11200E+07    0.00000E+00    0.00000E+00    0.00000E+00    0.00000E+00    0.00000E+00   -0.26947E-14
    0.11400E+07    0.00000E+00    0.00000E+00    0.00000E+00    0.00000E+00    0.00000E+00   -0.27918E-14
    0.11600E+07    0.00000E+00    0.00000E+00    0.00000E+00    0.00000E+00    0.00000E+00   -0.28906E-14
    0.11800E+07    0.00000E+00    0.00000E+00    0.00000E+00    0.00000E+00    0.00000E+00   -0.29911E-14
    0.12000E+07    0.00000E+00    0.00000E+00    0.00000E+00    0.00000E+00    0.00000E+00   -0.30934E-14
    0.12200E+07    0.00000E+00    0.00000E+00    0.00000E+00    0.00000E+00    0.00000E+00   -0.31973E-14
    0.12215E+07    0.00000E+00    0.00000E+00    0.00000E+00    0.00000E+00    0.00000E+00   -0.32052E-14
    0.12215E+07    0.00000E+00    0.00000E+00    0.00000E+00    0.00000E+00    0.00000E+00   -0.32052E-14
    0.12400E+07    0.00000E+00    0.00000E+00    0.00000E+00    0.00000E+00    0.00000E+00   -0.33030E-14
    0.12600E+07    0.00000E+00    0.00000E+00    0.00000E+00    0.00000E+00    0.00000E+00   -0.34104E-14
    0.12800E+07    0.00000E+00    0.00000E+00    0.00000E+00    0.00000E+00    0.00000E+00   -0.35196E-14
    0.13000E+07    0.00000E+00    0.00000E+00    0.00000E+00    0.00000E+00    0.00000E+00   -0.36304E-14
    0.13200E+07    0.00000E+00    0.00000E+00    0.00000E+00    0.00000E+00    0.00000E+00   -0.37430E-14
    0.13400E+07    0.00000E+00    0.00000E+00    0.00000E+00    0.00000E+00    0.00000E+00   -0.38573E-14
    0.13600E+07    0.00000E+00    0.00000E+00    0.00000E+00    0.00000E+00    0.00000E+00   -0.39733E-14
    0.13800E+07    0.00000E+00    0.00000E+00    0.00000E+00    0.00000E+00    0.00000E+00   -0.40910E-14
    0.14000E+07    0.00000E+00    0.00000E+00    0.00000E+00    0.00000E+00    0.00000E+00   -0.42104E-14
    0.14200E+07    0.00000E+00    0.00000E+00    0.00000E+00    0.00000E+00    0.00000E+00   -0.43316E-14
    0.14400E+07    0.00000E+00    0.00000E+00    0.00000E+00    0.00000E+00    0.00000E+00   -0.44544E-14
    0.14600E+07    0.00000E+00    0.00000E+00    0.00000E+00    0.00000E+00    0.00000E+00   -0.45790E-14
    0.14800E+07    0.00000E+00    0.00000E+00    0.00000E+00    0.00000E+00    0.00000E+00   -0.47054E-14
    0.15000E+07    0.00000E+00    0.00000E+00    0.00000E+00    0.00000E+00    0.00000E+00   -0.48334E-14
    0.15200E+07    0.00000E+00    0.00000E+00    0.00000E+00    0.00000E+00    0.00000E+00   -0.49631E-14
    0.15400E+07    0.00000E+00    0.00000E+00    0.00000E+00    0.00000E+00    0.00000E+00   -0.50946E-14
    0.15600E+07    0.00000E+00    0.00000E+00    0.00000E+00    0.00000E+00    0.00000E+00   -0.52278E-14
    0.15800E+07    0.00000E+00    0.00000E+00    0.00000E+00    0.00000E+00    0.00000E+00   -0.53627E-14
    0.16000E+07    0.00000E+00    0.00000E+00    0.00000E+00    0.00000E+00    0.00000E+00   -0.54993E-14
    0.16200E+07    0.00000E+00    0.00000E+00    0.00000E+00    0.00000E+00    0.00000E+00   -0.56377E-14
    0.16400E+07    0.00000E+00    0.00000E+00    0.00000E+00    0.00000E+00    0.00000E+00   -0.57777E-14
    0.16600E+07    0.00000E+00    0.00000E+00    0.00000E+00    0.00000E+00    0.00000E+00   -0.59195E-14
    0.16800E+07    0.00000E+00    0.00000E+00    0.00000E+00    0.00000E+00    0.00000E+00   -0.60630E-14
    0.17000E+07    0.00000E+00    0.00000E+00    0.00000E+00    0.00000E+00    0.00000E+00   -0.62082E-14
    0.17200E+07    0.00000E+00    0.00000E+00    0.00000E+00    0.00000E+00    0.00000E+00   -0.63551E-14
    0.17400E+07    0.00000E+00    0.00000E+00    0.00000E+00    0.00000E+00    0.00000E+00   -0.65038E-14
    0.17600E+07    0.00000E+00    0.00000E+00    0.00000E+00    0.00000E+00    0.00000E+00   -0.66542E-14
    0.17800E+07    0.00000E+00    0.00000E+00    0.00000E+00    0.00000E+00    0.00000E+00   -0.68063E-14
    0.18000E+07    0.00000E+00    0.00000E+00    0.00000E+00    0.00000E+00    0.00000E+00   -0.69601E-14
    0.18200E+07    0.00000E+00    0.00000E+00    0.00000E+00    0.00000E+00    0.00000E+00   -0.71156E-14
    0.18400E+07    0.00000E+00    0.00000E+00    0.00000E+00    0.00000E+00    0.00000E+00   -0.72728E-14
    0.18600E+07    0.00000E+00    0.00000E+00    0.00000E+00    0.00000E+00    0.00000E+00   -0.74318E-14
    0.18800E+07    0.00000E+00    0.00000E+00    0.00000E+00    0.00000E+00    0.00000E+00   -0.75925E-14
    0.19000E+07    0.00000E+00    0.00000E+00    0.00000E+00    0.00000E+00    0.00000E+00   -0.77549E-14
    0.19200E+07    0.00000E+00    0.00000E+00    0.00000E+00    0.00000E+00    0.00000E+00   -0.79190E-14
    0.19400E+07    0.00000E+00    0.00000E+00    0.00000E+00    0.00000E+00    0.00000E+00   -0.80849E-14
    0.19600E+07    0.00000E+00    0.00000E+00    0.00000E+00    0.00000E+00    0.00000E+00   -0.82524E-14
    0.19800E+07    0.00000E+00    0.00000E+00    0.00000E+00    0.00000E+00    0.00000E+00   -0.84217E-14
    0.20000E+07    0.00000E+00    0.00000E+00    0.00000E+00    0.00000E+00    0.00000E+00   -0.85927E-14
    0.20200E+07    0.00000E+00    0.00000E+00    0.00000E+00    0.00000E+00    0.00000E+00   -0.87654E-14
    0.20400E+07    0.00000E+00    0.00000E+00    0.00000E+00    0.00000E+00    0.00000E+00   -0.89398E-14
    0.20600E+07    0.00000E+00    0.00000E+00    0.00000E+00    0.00000E+00    0.00000E+00   -0.91160E-14
    0.20800E+07    0.00000E+00    0.00000E+00    0.00000E+00    0.00000E+00    0.00000E+00   -0.92938E-14
    0.21000E+07    0.00000E+00    0.00000E+00    0.00000E+00    0.00000E+00    0.00000E+00   -0.94734E-14
    0.21200E+07    0.00000E+00    0.00000E+00    0.00000E+00    0.00000E+00    0.00000E+00   -0.96547E-14
    0.21400E+07    0.00000E+00    0.00000E+00    0.00000E+00    0.00000E+00    0.00000E+00   -0.98378E-14
    0.21600E+07    0.00000E+00    0.00000E+00    0.00000E+00    0.00000E+00    0.00000E+00   -0.10022E-13
    0.21800E+07    0.00000E+00    0.00000E+00    0.00000E+00    0.00000E+00    0.00000E+00   -0.10209E-13
    0.22000E+07    0.00000E+00    0.00000E+00    0.00000E+00    0.00000E+00    0.00000E+00   -0.10397E-13
    0.22200E+07    0.00000E+00    0.00000E+00    0.00000E+00    0.00000E+00    0.00000E+00   -0.10587E-13
    0.22400E+07    0.00000E+00    0.00000E+00    0.00000E+00    0.00000E+00    0.00000E+00   -0.10779E-13
    0.22600E+07    0.00000E+00    0.00000E+00    0.00000E+00    0.00000E+00    0.00000E+00   -0.10972E-13
    0.22800E+07    0.00000E+00    0.00000E+00    0.00000E+00    0.00000E+00    0.00000E+00   -0.11167E-13
    0.23000E+07    0.00000E+00    0.00000E+00    0.00000E+00    0.00000E+00    0.00000E+00   -0.11364E-13
    0.23200E+07    0.00000E+00    0.00000E+00    0.00000E+00    0.00000E+00    0.00000E+00   -0.11562E-13
    0.23400E+07    0.00000E+00    0.00000E+00    0.00000E+00    0.00000E+00    0.00000E+00   -0.11763E-13
    0.23600E+07    0.00000E+00    0.00000E+00    0.00000E+00    0.00000E+00    0.00000E+00   -0.11964E-13
    0.23800E+07    0.00000E+00    0.00000E+00    0.00000E+00    0.00000E+00    0.00000E+00   -0.12168E-13
    0.24000E+07    0.00000E+00    0.00000E+00    0.00000E+00    0.00000E+00    0.00000E+00   -0.12373E-13
    0.24200E+07    0.00000E+00    0.00000E+00    0.00000E+00    0.00000E+00    0.00000E+00   -0.12581E-13
    0.24400E+07    0.00000E+00    0.00000E+00    0.00000E+00    0.00000E+00    0.00000E+00   -0.12789E-13
    0.24600E+07    0.00000E+00    0.00000E+00    0.00000E+00    0.00000E+00    0.00000E+00   -0.13000E-13
    0.24800E+07    0.00000E+00    0.00000E+00    0.00000E+00    0.00000E+00    0.00000E+00   -0.13212E-13
    0.25000E+07    0.00000E+00    0.00000E+00    0.00000E+00    0.00000E+00    0.00000E+00   -0.13426E-13
    0.25200E+07    0.00000E+00    0.00000E+00    0.00000E+00    0.00000E+00    0.00000E+00   -0.13642E-13
    0.25400E+07    0.00000E+00    0.00000E+00    0.00000E+00    0.00000E+00    0.00000E+00   -0.13859E-13
    0.25600E+07    0.00000E+00    0.00000E+00    0.00000E+00    0.00000E+00    0.00000E+00   -0.14078E-13
    0.25800E+07    0.00000E+00    0.00000E+00    0.00000E+00    0.00000E+00    0.00000E+00   -0.14299E-13
    0.26000E+07    0.00000E+00    0.00000E+00    0.00000E+00    0.00000E+00    0.00000E+00   -0.14522E-13
    0.26200E+07    0.00000E+00    0.00000E+00    0.00000E+00    0.00000E+00    0.00000E+00   -0.14746E-13
    0.26400E+07    0.00000E+00    0.00000E+00    0.00000E+00    0.00000E+00    0.00000E+00   -0.14972E-13
    0.26600E+07    0.00000E+00    0.00000E+00    0.00000E+00    0.00000E+00    0.00000E+00   -0.15200E-13
    0.26800E+07    0.00000E+00    0.00000E+00    0.00000E+00    0.00000E+00    0.00000E+00   -0.15429E-13
    0.27000E+07    0.00000E+00    0.00000E+00    0.00000E+00    0.00000E+00    0.00000E+00   -0.15660E-13
    0.27200E+07    0.00000E+00    0.00000E+00    0.00000E+00    0.00000E+00    0.00000E+00   -0.15893E-13
    0.27400E+07    0.00000E+00    0.00000E+00    0.00000E+00    0.00000E+00    0.00000E+00   -0.16128E-13
    0.27600E+07    0.00000E+00    0.00000E+00    0.00000E+00    0.00000E+00    0.00000E+00   -0.16364E-13
    0.27800E+07    0.00000E+00    0.00000E+00    0.00000E+00    0.00000E+00    0.00000E+00   -0.16602E-13
    0.28000E+07    0.00000E+00    0.00000E+00    0.00000E+00    0.00000E+00    0.00000E+00   -0.16842E-13
    0.28200E+07    0.00000E+00    0.00000E+00    0.00000E+00    0.00000E+00    0.00000E+00   -0.17083E-13
    0.28400E+07    0.00000E+00    0.00000E+00    0.00000E+00    0.00000E+00    0.00000E+00   -0.17326E-13
    0.28600E+07    0.00000E+00    0.00000E+00    0.00000E+00    0.00000E+00    0.00000E+00   -0.17571E-13
    0.28800E+07    0.00000E+00    0.00000E+00    0.00000E+00    0.00000E+00    0.00000E+00   -0.17818E-13
    0.29000E+07    0.00000E+00    0.00000E+00    0.00000E+00    0.00000E+00    0.00000E+00   -0.18066E-13
    0.29200E+07    0.00000E+00    0.00000E+00    0.00000E+00    0.00000E+00    0.00000E+00   -0.18316E-13
    0.29400E+07    0.00000E+00    0.00000E+00    0.00000E+00    0.00000E+00    0.00000E+00   -0.18568E-13
    0.29600E+07    0.00000E+00    0.00000E+00    0.00000E+00    0.00000E+00    0.00000E+00   -0.18821E-13
    0.29800E+07    0.00000E+00    0.00000E+00    0.00000E+00    0.00000E+00    0.00000E+00   -0.19077E-13
    0.30000E+07    0.00000E+00    0.00000E+00    0.00000E+00    0.00000E+00    0.00000E+00   -0.19334E-13
    0.30200E+07    0.00000E+00    0.00000E+00    0.00000E+00    0.00000E+00    0.00000E+00   -0.19592E-13
    0.30400E+07    0.00000E+00    0.00000E+00    0.00000E+00    0.00000E+00    0.00000E+00   -0.19853E-13
    0.30600E+07    0.00000E+00    0.00000E+00    0.00000E+00    0.00000E+00    0.00000E+00   -0.20115E-13
    0.30800E+07    0.00000E+00    0.00000E+00    0.00000E+00    0.00000E+00    0.00000E+00   -0.20378E-13
    0.31000E+07    0.00000E+00    0.00000E+00    0.00000E+00    0.00000E+00    0.00000E+00   -0.20644E-13
    0.31200E+07    0.00000E+00    0.00000E+00    0.00000E+00    0.00000E+00    0.00000E+00   -0.20911E-13
    0.31400E+07    0.00000E+00    0.00000E+00    0.00000E+00    0.00000E+00    0.00000E+00   -0.21180E-13
    0.31600E+07    0.00000E+00    0.00000E+00    0.00000E+00    0.00000E+00    0.00000E+00   -0.21451E-13
    0.31800E+07    0.00000E+00    0.00000E+00    0.00000E+00    0.00000E+00    0.00000E+00   -0.21723E-13
    0.32000E+07    0.00000E+00    0.00000E+00    0.00000E+00    0.00000E+00    0.00000E+00   -0.21997E-13
    0.32200E+07    0.00000E+00    0.00000E+00    0.00000E+00    0.00000E+00    0.00000E+00   -0.22273E-13
    0.32400E+07    0.00000E+00    0.00000E+00    0.00000E+00    0.00000E+00    0.00000E+00   -0.22551E-13
    0.32600E+07    0.00000E+00    0.00000E+00    0.00000E+00    0.00000E+00    0.00000E+00   -0.22830E-13
    0.32800E+07    0.00000E+00    0.00000E+00    0.00000E+00    0.00000E+00    0.00000E+00   -0.23111E-13
    0.33000E+07    0.00000E+00    0.00000E+00    0.00000E+00    0.00000E+00    0.00000E+00   -0.23394E-13
    0.33200E+07    0.00000E+00    0.00000E+00    0.00000E+00    0.00000E+00    0.00000E+00   -0.23678E-13
    0.33400E+07    0.00000E+00    0.00000E+00    0.00000E+00    0.00000E+00    0.00000E+00   -0.23964E-13
    0.33600E+07    0.00000E+00    0.00000E+00    0.00000E+00    0.00000E+00    0.00000E+00   -0.24252E-13
    0.33800E+07    0.00000E+00    0.00000E+00    0.00000E+00    0.00000E+00    0.00000E+00   -0.24542E-13
    0.34000E+07    0.00000E+00    0.00000E+00    0.00000E+00    0.00000E+00    0.00000E+00   -0.24833E-13
    0.34200E+07    0.00000E+00    0.00000E+00    0.00000E+00    0.00000E+00    0.00000E+00   -0.25126E-13
    0.34400E+07    0.00000E+00    0.00000E+00    0.00000E+00    0.00000E+00    0.00000E+00   -0.25421E-13
    0.34600E+07    0.00000E+00    0.00000E+00    0.00000E+00    0.00000E+00    0.00000E+00   -0.25717E-13
    0.34800E+07    0.00000E+00    0.00000E+00    0.00000E+00    0.00000E+00    0.00000E+00   -0.26015E-13
    0.34800E+07    0.00000E+00    0.00000E+00    0.00000E+00    0.00000E+00    0.00000E+00   -0.26015E-13
    0.34850E+07    0.00000E+00    0.00000E+00    0.00000E+00    0.00000E+00    0.00000E+00   -0.26090E-13
    0.34900E+07    0.00000E+00    0.00000E+00    0.00000E+00    0.00000E+00    0.00000E+00   -0.26165E-13
    0.34950E+07    0.00000E+00    0.00000E+00    0.00000E+00    0.00000E+00    0.00000E+00   -0.26240E-13
    0.35000E+07    0.00000E+00    0.00000E+00    0.00000E+00    0.00000E+00    0.00000E+00   -0.26315E-13
    0.35050E+07    0.00000E+00    0.00000E+00    0.00000E+00    0.00000E+00    0.00000E+00   -0.26390E-13
    0.35100E+07    0.00000E+00    0.00000E+00    0.00000E+00    0.00000E+00    0.00000E+00   -0.26466E-13
    0.35150E+07    0.00000E+00    0.00000E+00    0.00000E+00    0.00000E+00    0.00000E+00   -0.26541E-13
    0.35200E+07    0.00000E+00    0.00000E+00    0.00000E+00    0.00000E+00    0.00000E+00   -0.26617E-13
    0.35250E+07    0.00000E+00    0.00000E+00    0.00000E+00    0.00000E+00    0.00000E+00   -0.26692E-13
    0.35300E+07    0.00000E+00    0.00000E+00    0.00000E+00    0.00000E+00    0.00000E+00   -0.26768E-13
    0.35350E+07    0.00000E+00    0.00000E+00    0.00000E+00    0.00000E+00    0.00000E+00   -0.26844E-13
    0.35400E+07    0.00000E+00    0.00000E+00    0.00000E+00    0.00000E+00    0.00000E+00   -0.26920E-13
    0.35450E+07    0.00000E+00    0.00000E+00    0.00000E+00    0.00000E+00    0.00000E+00   -0.26996E-13
    0.35500E+07    0.00000E+00    0.00000E+00    0.00000E+00    0.00000E+00    0.00000E+00   -0.27072E-13
    0.35550E+07    0.00000E+00    0.00000E+00    0.00000E+00    0.00000E+00    0.00000E+00   -0.27149E-13
    0.35600E+07    0.00000E+00    0.00000E+00    0.00000E+00    0.00000E+00    0.00000E+00   -0.27225E-13
    0.35650E+07    0.00000E+00    0.00000E+00    0.00000E+00    0.00000E+00    0.00000E+00   -0.27302E-13
    0.35700E+07    0.00000E+00    0.00000E+00    0.00000E+00    0.00000E+00    0.00000E+00   -0.27378E-13
    0.35750E+07    0.00000E+00    0.00000E+00    0.00000E+00    0.00000E+00    0.00000E+00   -0.27455E-13
    0.35800E+07    0.00000E+00    0.00000E+00    0.00000E+00    0.00000E+00    0.00000E+00   -0.27532E-13
    0.35850E+07    0.00000E+00    0.00000E+00    0.00000E+00    0.00000E+00    0.00000E+00   -0.27609E-13
    0.35900E+07    0.00000E+00    0.00000E+00    0.00000E+00    0.00000E+00    0.00000E+00   -0.27686E-13
    0.35950E+07    0.00000E+00    0.00000E+00    0.00000E+00    0.00000E+00    0.00000E+00   -0.27763E-13
    0.36000E+07    0.00000E+00    0.00000E+00    0.00000E+00    0.00000E+00    0.00000E+00   -0.27840E-13
    0.36050E+07    0.00000E+00    0.00000E+00    0.00000E+00    0.00000E+00    0.00000E+00   -0.27918E-13
    0.36100E+07    0.00000E+00    0.00000E+00    0.00000E+00    0.00000E+00    0.00000E+00   -0.27995E-13
    0.36150E+07    0.00000E+00    0.00000E+00    0.00000E+00    0.00000E+00    0.00000E+00   -0.28073E-13
    0.36200E+07    0.00000E+00    0.00000E+00    0.00000E+00    0.00000E+00    0.00000E+00   -0.28150E-13
    0.36250E+07    0.00000E+00    0.00000E+00    0.00000E+00    0.00000E+00    0.00000E+00   -0.28228E-13
    0.36300E+07    0.00000E+00    0.00000E+00    0.00000E+00    0.00000E+00    0.00000E+00   -0.28306E-13
    0.36300E+07    0.00000E+00    0.00000E+00    0.00000E+00    0.00000E+00    0.00000E+00   -0.28306E-13
    0.36350E+07    0.00000E+00    0.00000E+00    0.00000E+00    0.00000E+00    0.00000E+00   -0.28384E-13
    0.36400E+07    0.00000E+00    0.00000E+00    0.00000E+00    0.00000E+00    0.00000E+00   -0.28462E-13
    0.36450E+07    0.00000E+00    0.00000E+00    0.00000E+00    0.00000E+00    0.00000E+00   -0.28541E-13
    0.36500E+07    0.00000E+00    0.00000E+00    0.00000E+00    0.00000E+00    0.00000E+00   -0.28619E-13
    0.36550E+07    0.00000E+00    0.00000E+00    0.00000E+00    0.00000E+00    0.00000E+00   -0.28697E-13
    0.36600E+07    0.00000E+00    0.00000E+00    0.00000E+00    0.00000E+00    0.00000E+00   -0.28776E-13
    0.36650E+07    0.00000E+00    0.00000E+00    0.00000E+00    0.00000E+00    0.00000E+00   -0.28855E-13
    0.36700E+07    0.00000E+00    0.00000E+00    0.00000E+00    0.00000E+00    0.00000E+00   -0.28933E-13
    0.36750E+07    0.00000E+00    0.00000E+00    0.00000E+00    0.00000E+00    0.00000E+00   -0.29012E-13
    0.36800E+07    0.00000E+00    0.00000E+00    0.00000E+00    0.00000E+00    0.00000E+00   -0.29091E-13
    0.36850E+07    0.00000E+00    0.00000E+00    0.00000E+00    0.00000E+00    0.00000E+00   -0.29170E-13
    0.36900E+07    0.00000E+00    0.00000E+00    0.00000E+00    0.00000E+00    0.00000E+00   -0.29250E-13
    0.36950E+07    0.00000E+00    0.00000E+00    0.00000E+00    0.00000E+00    0.00000E+00   -0.29329E-13
    0.37000E+07    0.00000E+00    0.00000E+00    0.00000E+00    0.00000E+00    0.00000E+00   -0.29408E-13
    0.37050E+07    0.00000E+00    0.00000E+00    0.00000E+00    0.00000E+00    0.00000E+00   -0.29488E-13
    0.37100E+07    0.00000E+00    0.00000E+00    0.00000E+00    0.00000E+00    0.00000E+00   -0.29568E-13
    0.37150E+07    0.00000E+00    0.00000E+00    0.00000E+00    0.00000E+00    0.00000E+00   -0.29647E-13
    0.37200E+07    0.00000E+00    0.00000E+00    0.00000E+00    0.00000E+00    0.00000E+00   -0.29727E-13
    0.37250E+07    0.00000E+00    0.00000E+00    0.00000E+00    0.00000E+00    0.00000E+00   -0.29807E-13
    0.37300E+07    0.00000E+00    0.00000E+00    0.00000E+00    0.00000E+00    0.00000E+00   -0.29887E-13
    0.37350E+07    0.00000E+00    0.00000E+00    0.00000E+00    0.00000E+00    0.00000E+00   -0.29967E-13
    0.37400E+07    0.00000E+00    0.00000E+00    0.00000E+00    0.00000E+00    0.00000E+00   -0.30048E-13
    0.37450E+07    0.00000E+00    0.00000E+00    0.00000E+00    0.00000E+00    0.00000E+00   -0.30128E-13
    0.37500E+07    0.00000E+00    0.00000E+00    0.00000E+00    0.00000E+00    0.00000E+00   -0.30209E-13
    0.37550E+07    0.00000E+00    0.00000E+00    0.00000E+00    0.00000E+00    0.00000E+00   -0.30289E-13
    0.37600E+07    0.00000E+00    0.00000E+00    0.00000E+00    0.00000E+00    0.00000E+00   -0.30370E-13
    0.37650E+07    0.00000E+00    0.00000E+00    0.00000E+00    0.00000E+00    0.00000E+00   -0.30451E-13
    0.37700E+07    0.00000E+00    0.00000E+00    0.00000E+00    0.00000E+00    0.00000E+00   -0.30532E-13
    0.37750E+07    0.00000E+00    0.00000E+00    0.00000E+00    0.00000E+00    0.00000E+00   -0.30613E-13
    0.37800E+07    0.00000E+00    0.00000E+00    0.00000E+00    0.00000E+00    0.00000E+00   -0.30694E-13
    0.37850E+07    0.00000E+00    0.00000E+00    0.00000E+00    0.00000E+00    0.00000E+00   -0.30775E-13
    0.37900E+07    0.00000E+00    0.00000E+00    0.00000E+00    0.00000E+00    0.00000E+00   -0.30857E-13
    0.37950E+07    0.00000E+00    0.00000E+00    0.00000E+00    0.00000E+00    0.00000E+00   -0.30938E-13
    0.38000E+07    0.00000E+00    0.00000E+00    0.00000E+00    0.00000E+00    0.00000E+00   -0.31020E-13
    0.38050E+07    0.00000E+00    0.00000E+00    0.00000E+00    0.00000E+00    0.00000E+00   -0.31101E-13
    0.38100E+07    0.00000E+00    0.00000E+00    0.00000E+00    0.00000E+00    0.00000E+00   -0.31183E-13
    0.38150E+07    0.00000E+00    0.00000E+00    0.00000E+00    0.00000E+00    0.00000E+00   -0.31265E-13
    0.38200E+07    0.00000E+00    0.00000E+00    0.00000E+00    0.00000E+00    0.00000E+00   -0.31347E-13
    0.38250E+07    0.00000E+00    0.00000E+00    0.00000E+00    0.00000E+00    0.00000E+00   -0.31429E-13
    0.38300E+07    0.00000E+00    0.00000E+00    0.00000E+00    0.00000E+00    0.00000E+00   -0.31511E-13
    0.38350E+07    0.00000E+00    0.00000E+00    0.00000E+00    0.00000E+00    0.00000E+00   -0.31594E-13
    0.38400E+07    0.00000E+00    0.00000E+00    0.00000E+00    0.00000E+00    0.00000E+00   -0.31676E-13
    0.38450E+07    0.00000E+00    0.00000E+00    0.00000E+00    0.00000E+00    0.00000E+00   -0.31759E-13
    0.38500E+07    0.00000E+00    0.00000E+00    0.00000E+00    0.00000E+00    0.00000E+00   -0.31841E-13
    0.38550E+07    0.00000E+00    0.00000E+00    0.00000E+00    0.00000E+00    0.00000E+00   -0.31924E-13
    0.38600E+07    0.00000E+00    0.00000E+00    0.00000E+00    0.00000E+00    0.00000E+00   -0.32007E-13
    0.38650E+07    0.00000E+00    0.00000E+00    0.00000E+00    0.00000E+00    0.00000E+00   -0.32090E-13
    0.38700E+07    0.00000E+00    0.00000E+00    0.00000E+00    0.00000E+00    0.00000E+00   -0.32173E-13
    0.38750E+07    0.00000E+00    0.00000E+00    0.00000E+00    0.00000E+00    0.00000E+00   -0.32256E-13
    0.38800E+07    0.00000E+00    0.00000E+00    0.00000E+00    0.00000E+00    0.00000E+00   -0.32339E-13
    0.38850E+07    0.00000E+00    0.00000E+00    0.00000E+00    0.00000E+00    0.00000E+00   -0.32423E-13
    0.38900E+07    0.00000E+00    0.00000E+00    0.00000E+00    0.00000E+00    0.00000E+00   -0.32506E-13
    0.38950E+07    0.00000E+00    0.00000E+00    0.00000E+00    0.00000E+00    0.00000E+00   -0.32590E-13
    0.39000E+07    0.00000E+00    0.00000E+00    0.00000E+00    0.00000E+00    0.00000E+00   -0.32674E-13
    0.39050E+07    0.00000E+00    0.00000E+00    0.00000E+00    0.00000E+00    0.00000E+00   -0.32757E-13
    0.39100E+07    0.00000E+00    0.00000E+00    0.00000E+00    0.00000E+00    0.00000E+00   -0.32841E-13
    0.39150E+07    0.00000E+00    0.00000E+00    0.00000E+00    0.00000E+00    0.00000E+00   -0.32925E-13
    0.39200E+07    0.00000E+00    0.00000E+00    0.00000E+00    0.00000E+00    0.00000E+00   -0.33010E-13
    0.39250E+07    0.00000E+00    0.00000E+00    0.00000E+00    0.00000E+00    0.00000E+00   -0.33094E-13
    0.39300E+07    0.00000E+00    0.00000E+00    0.00000E+00    0.00000E+00    0.00000E+00   -0.33178E-13
    0.39350E+07    0.00000E+00    0.00000E+00    0.00000E+00    0.00000E+00    0.00000E+00   -0.33263E-13
    0.39400E+07    0.00000E+00    0.00000E+00    0.00000E+00    0.00000E+00    0.00000E+00   -0.33347E-13
    0.39450E+07    0.00000E+00    0.00000E+00    0.00000E+00    0.00000E+00    0.00000E+00   -0.33432E-13
    0.39500E+07    0.00000E+00    0.00000E+00    0.00000E+00    0.00000E+00    0.00000E+00   -0.33517E-13
    0.39550E+07    0.00000E+00    0.00000E+00    0.00000E+00    0.00000E+00    0.00000E+00   -0.33602E-13
    0.39600E+07    0.00000E+00    0.00000E+00    0.00000E+00    0.00000E+00    0.00000E+00   -0.33687E-13
    0.39650E+07    0.00000E+00    0.00000E+00    0.00000E+00    0.00000E+00    0.00000E+00   -0.33772E-13
    0.39700E+07    0.00000E+00    0.00000E+00    0.00000E+00    0.00000E+00    0.00000E+00   -0.33857E-13
    0.39750E+07    0.00000E+00    0.00000E+00    0.00000E+00    0.00000E+00    0.00000E+00   -0.33942E-13
    0.39800E+07    0.00000E+00    0.00000E+00    0.00000E+00    0.00000E+00    0.00000E+00   -0.34028E-13
    0.39850E+07    0.00000E+00    0.00000E+00    0.00000E+00    0.00000E+00    0.00000E+00   -0.34113E-13
    0.39900E+07    0.00000E+00    0.00000E+00    0.00000E+00    0.00000E+00    0.00000E+00   -0.34199E-13
    0.39950E+07    0.00000E+00    0.00000E+00    0.00000E+00    0.00000E+00    0.00000E+00   -0.34285E-13
    0.40000E+07    0.00000E+00    0.00000E+00    0.00000E+00    0.00000E+00    0.00000E+00   -0.34371E-13
    0.40050E+07    0.00000E+00    0.00000E+00    0.00000E+00    0.00000E+00    0.00000E+00   -0.34457E-13
    0.40100E+07    0.00000E+00    0.00000E+00    0.00000E+00    0.00000E+00    0.00000E+00   -0.34543E-13
    0.40150E+07    0.00000E+00    0.00000E+00    0.00000E+00    0.00000E+00    0.00000E+00   -0.34629E-13
    0.40200E+07    0.00000E+00    0.00000E+00    0.00000E+00    0.00000E+00    0.00000E+00   -0.34715E-13
    0.40250E+07    0.00000E+00    0.00000E+00    0.00000E+00    0.00000E+00    0.00000E+00   -0.34802E-13
    0.40300E+07    0.00000E+00    0.00000E+00    0.00000E+00    0.00000E+00    0.00000E+00   -0.34888E-13
    0.40350E+07    0.00000E+00    0.00000E+00    0.00000E+00    0.00000E+00    0.00000E+00   -0.34975E-13
    0.40400E+07    0.00000E+00    0.00000E+00    0.00000E+00    0.00000E+00    0.00000E+00   -0.35062E-13
    0.40450E+07    0.00000E+00    0.00000E+00    0.00000E+00    0.00000E+00    0.00000E+00   -0.35148E-13
    0.40500E+07    0.00000E+00    0.00000E+00    0.00000E+00    0.00000E+00    0.00000E+00   -0.35235E-13
    0.40550E+07    0.00000E+00    0.00000E+00    0.00000E+00    0.00000E+00    0.00000E+00   -0.35322E-13
    0.40600E+07    0.00000E+00    0.00000E+00    0.00000E+00    0.00000E+00    0.00000E+00   -0.35410E-13
    0.40650E+07    0.00000E+00    0.00000E+00    0.00000E+00    0.00000E+00    0.00000E+00   -0.35497E-13
    0.40700E+07    0.00000E+00    0.00000E+00    0.00000E+00    0.00000E+00    0.00000E+00   -0.35584E-13
    0.40750E+07    0.00000E+00    0.00000E+00    0.00000E+00    0.00000E+00    0.00000E+00   -0.35672E-13
    0.40800E+07    0.00000E+00    0.00000E+00    0.00000E+00    0.00000E+00    0.00000E+00   -0.35759E-13
    0.40850E+07    0.00000E+00    0.00000E+00    0.00000E+00    0.00000E+00    0.00000E+00   -0.35847E-13
    0.40900E+07    0.00000E+00    0.00000E+00    0.00000E+00    0.00000E+00    0.00000E+00   -0.35935E-13
    0.40950E+07    0.00000E+00    0.00000E+00    0.00000E+00    0.00000E+00    0.00000E+00   -0.36023E-13
    0.41000E+07    0.00000E+00    0.00000E+00    0.00000E+00    0.00000E+00    0.00000E+00   -0.36111E-13
    0.41050E+07    0.00000E+00    0.00000E+00    0.00000E+00    0.00000E+00    0.00000E+00   -0.36199E-13
    0.41100E+07    0.00000E+00    0.00000E+00    0.00000E+00    0.00000E+00    0.00000E+00   -0.36287E-13
    0.41150E+07    0.00000E+00    0.00000E+00    0.00000E+00    0.00000E+00    0.00000E+00   -0.36375E-13
    0.41200E+07    0.00000E+00    0.00000E+00    0.00000E+00    0.00000E+00    0.00000E+00   -0.36464E-13
    0.41250E+07    0.00000E+00    0.00000E+00    0.00000E+00    0.00000E+00    0.00000E+00   -0.36552E-13
    0.41300E+07    0.00000E+00    0.00000E+00    0.00000E+00    0.00000E+00    0.00000E+00   -0.36641E-13
    0.41350E+07    0.00000E+00    0.00000E+00    0.00000E+00    0.00000E+00    0.00000E+00   -0.36730E-13
    0.41400E+07    0.00000E+00    0.00000E+00    0.00000E+00    0.00000E+00    0.00000E+00   -0.36819E-13
    0.41450E+07    0.00000E+00    0.00000E+00    0.00000E+00    0.00000E+00    0.00000E+00   -0.36908E-13
    0.41500E+07    0.00000E+00    0.00000E+00    0.00000E+00    0.00000E+00    0.00000E+00   -0.36997E-13
    0.41550E+07    0.00000E+00    0.00000E+00    0.00000E+00    0.00000E+00    0.00000E+00   -0.37086E-13
    0.41600E+07    0.00000E+00    0.00000E+00    0.00000E+00    0.00000E+00    0.00000E+00   -0.37175E-13
    0.41650E+07    0.00000E+00    0.00000E+00    0.00000E+00    0.00000E+00    0.00000E+00   -0.37265E-13
    0.41700E+07    0.00000E+00    0.00000E+00    0.00000E+00    0.00000E+00    0.00000E+00   -0.37354E-13
    0.41750E+07    0.00000E+00    0.00000E+00    0.00000E+00    0.00000E+00    0.00000E+00   -0.37444E-13
    0.41800E+07    0.00000E+00    0.00000E+00    0.00000E+00    0.00000E+00    0.00000E+00   -0.37534E-13
    0.41850E+07    0.00000E+00    0.00000E+00    0.00000E+00    0.00000E+00    0.00000E+00   -0.37624E-13
    0.41900E+07    0.00000E+00    0.00000E+00    0.00000E+00    0.00000E+00    0.00000E+00   -0.37713E-13
    0.41950E+07    0.00000E+00    0.00000E+00    0.00000E+00    0.00000E+00    0.00000E+00   -0.37804E-13
    0.42000E+07    0.00000E+00    0.00000E+00    0.00000E+00    0.00000E+00    0.00000E+00   -0.37894E-13
    0.42050E+07    0.00000E+00    0.00000E+00    0.00000E+00    0.00000E+00    0.00000E+00   -0.37984E-13
    0.42100E+07    0.00000E+00    0.00000E+00    0.00000E+00    0.00000E+00    0.00000E+00   -0.38074E-13
    0.42150E+07    0.00000E+00    0.00000E+00    0.00000E+00    0.00000E+00    0.00000E+00   -0.38165E-13
    0.42200E+07    0.00000E+00    0.00000E+00    0.00000E+00    0.00000E+00    0.00000E+00   -0.38255E-13
    0.42250E+07    0.00000E+00    0.00000E+00    0.00000E+00    0.00000E+00    0.00000E+00   -0.38346E-13
    0.42300E+07    0.00000E+00    0.00000E+00    0.00000E+00    0.00000E+00    0.00000E+00   -0.38437E-13
    0.42350E+07    0.00000E+00    0.00000E+00    0.00000E+00    0.00000E+00    0.00000E+00   -0.38528E-13
    0.42400E+07    0.00000E+00    0.00000E+00    0.00000E+00    0.00000E+00    0.00000E+00   -0.38619E-13
    0.42450E+07    0.00000E+00    0.00000E+00    0.00000E+00    0.00000E+00    0.00000E+00   -0.38710E-13
    0.42500E+07    0.00000E+00    0.00000E+00    0.00000E+00    0.00000E+00    0.00000E+00   -0.38801E-13
    0.42550E+07    0.00000E+00    0.00000E+00    0.00000E+00    0.00000E+00    0.00000E+00   -0.38893E-13
    0.42600E+07    0.00000E+00    0.00000E+00    0.00000E+00    0.00000E+00    0.00000E+00   -0.38984E-13
    0.42650E+07    0.00000E+00    0.00000E+00    0.00000E+00    0.00000E+00    0.00000E+00   -0.39076E-13
    0.42700E+07    0.00000E+00    0.00000E+00    0.00000E+00    0.00000E+00    0.00000E+00   -0.39167E-13
    0.42750E+07    0.00000E+00    0.00000E+00    0.00000E+00    0.00000E+00    0.00000E+00   -0.39259E-13
    0.42800E+07    0.00000E+00    0.00000E+00    0.00000E+00    0.00000E+00    0.00000E+00   -0.39351E-13
    0.42850E+07    0.00000E+00    0.00000E+00    0.00000E+00    0.00000E+00    0.00000E+00   -0.39443E-13
    0.42900E+07    0.00000E+00    0.00000E+00    0.00000E+00    0.00000E+00    0.00000E+00   -0.39535E-13
    0.42950E+07    0.00000E+00    0.00000E+00    0.00000E+00    0.00000E+00    0.00000E+00   -0.39627E-13
    0.43000E+07    0.00000E+00    0.00000E+00    0.00000E+00    0.00000E+00    0.00000E+00   -0.39720E-13
    0.43050E+07    0.00000E+00    0.00000E+00    0.00000E+00    0.00000E+00    0.00000E+00   -0.39812E-13
    0.43100E+07    0.00000E+00    0.00000E+00    0.00000E+00    0.00000E+00    0.00000E+00   -0.39905E-13
    0.43150E+07    0.00000E+00    0.00000E+00    0.00000E+00    0.00000E+00    0.00000E+00   -0.39997E-13
    0.43200E+07    0.00000E+00    0.00000E+00    0.00000E+00    0.00000E+00    0.00000E+00   -0.40090E-13
    0.43250E+07    0.00000E+00    0.00000E+00    0.00000E+00    0.00000E+00    0.00000E+00   -0.40183E-13
    0.43300E+07    0.00000E+00    0.00000E+00    0.00000E+00    0.00000E+00    0.00000E+00   -0.40276E-13
    0.43350E+07    0.00000E+00    0.00000E+00    0.00000E+00    0.00000E+00    0.00000E+00   -0.40369E-13
    0.43400E+07    0.00000E+00    0.00000E+00    0.00000E+00    0.00000E+00    0.00000E+00   -0.40462E-13
    0.43450E+07    0.00000E+00    0.00000E+00    0.00000E+00    0.00000E+00    0.00000E+00   -0.40555E-13
    0.43500E+07    0.00000E+00    0.00000E+00    0.00000E+00    0.00000E+00    0.00000E+00   -0.40649E-13
    0.43550E+07    0.00000E+00    0.00000E+00    0.00000E+00    0.00000E+00    0.00000E+00   -0.40742E-13
    0.43600E+07    0.00000E+00    0.00000E+00    0.00000E+00    0.00000E+00    0.00000E+00   -0.40836E-13
    0.43650E+07    0.00000E+00    0.00000E+00    0.00000E+00    0.00000E+00    0.00000E+00   -0.40930E-13
    0.43700E+07    0.00000E+00    0.00000E+00    0.00000E+00    0.00000E+00    0.00000E+00   -0.41023E-13
    0.43750E+07    0.00000E+00    0.00000E+00    0.00000E+00    0.00000E+00    0.00000E+00   -0.41117E-13
    0.43800E+07    0.00000E+00    0.00000E+00    0.00000E+00    0.00000E+00    0.00000E+00   -0.41211E-13
    0.43850E+07    0.00000E+00    0.00000E+00    0.00000E+00    0.00000E+00    0.00000E+00   -0.41305E-13
    0.43900E+07    0.00000E+00    0.00000E+00    0.00000E+00    0.00000E+00    0.00000E+00   -0.41400E-13
    0.43950E+07    0.00000E+00    0.00000E+00    0.00000E+00    0.00000E+00    0.00000E+00   -0.41494E-13
    0.44000E+07    0.00000E+00    0.00000E+00    0.00000E+00    0.00000E+00    0.00000E+00   -0.41589E-13
    0.44050E+07    0.00000E+00    0.00000E+00    0.00000E+00    0.00000E+00    0.00000E+00   -0.41683E-13
    0.44100E+07    0.00000E+00    0.00000E+00    0.00000E+00    0.00000E+00    0.00000E+00   -0.41778E-13
    0.44150E+07    0.00000E+00    0.00000E+00    0.00000E+00    0.00000E+00    0.00000E+00   -0.41873E-13
    0.44200E+07    0.00000E+00    0.00000E+00    0.00000E+00    0.00000E+00    0.00000E+00   -0.41967E-13
    0.44250E+07    0.00000E+00    0.00000E+00    0.00000E+00    0.00000E+00    0.00000E+00   -0.42063E-13
    0.44300E+07    0.00000E+00    0.00000E+00    0.00000E+00    0.00000E+00    0.00000E+00   -0.42158E-13
    0.44350E+07    0.00000E+00    0.00000E+00    0.00000E+00    0.00000E+00    0.00000E+00   -0.42253E-13
    0.44400E+07    0.00000E+00    0.00000E+00    0.00000E+00    0.00000E+00    0.00000E+00   -0.42348E-13
    0.44450E+07    0.00000E+00    0.00000E+00    0.00000E+00    0.00000E+00    0.00000E+00   -0.42444E-13
    0.44500E+07    0.00000E+00    0.00000E+00    0.00000E+00    0.00000E+00    0.00000E+00   -0.42539E-13
    0.44550E+07    0.00000E+00    0.00000E+00    0.00000E+00    0.00000E+00    0.00000E+00   -0.42635E-13
    0.44600E+07    0.00000E+00    0.00000E+00    0.00000E+00    0.00000E+00    0.00000E+00   -0.42731E-13
    0.44650E+07    0.00000E+00    0.00000E+00    0.00000E+00    0.00000E+00    0.00000E+00   -0.42826E-13
    0.44700E+07    0.00000E+00    0.00000E+00    0.00000E+00    0.00000E+00    0.00000E+00   -0.42922E-13
    0.44750E+07    0.00000E+00    0.00000E+00    0.00000E+00    0.00000E+00    0.00000E+00   -0.43018E-13
    0.44800E+07    0.00000E+00    0.00000E+00    0.00000E+00    0.00000E+00    0.00000E+00   -0.43115E-13
    0.44850E+07    0.00000E+00    0.00000E+00    0.00000E+00    0.00000E+00    0.00000E+00   -0.43211E-13
    0.44900E+07    0.00000E+00    0.00000E+00    0.00000E+00    0.00000E+00    0.00000E+00   -0.43307E-13
    0.44950E+07    0.00000E+00    0.00000E+00    0.00000E+00    0.00000E+00    0.00000E+00   -0.43404E-13
    0.45000E+07    0.00000E+00    0.00000E+00    0.00000E+00    0.00000E+00    0.00000E+00   -0.43500E-13
    0.45050E+07    0.00000E+00    0.00000E+00    0.00000E+00    0.00000E+00    0.00000E+00   -0.43597E-13
    0.45100E+07    0.00000E+00    0.00000E+00    0.00000E+00    0.00000E+00    0.00000E+00   -0.43694E-13
    0.45150E+07    0.00000E+00    0.00000E+00    0.00000E+00    0.00000E+00    0.00000E+00   -0.43791E-13
    0.45200E+07    0.00000E+00    0.00000E+00    0.00000E+00    0.00000E+00    0.00000E+00   -0.43888E-13
    0.45250E+07    0.00000E+00    0.00000E+00    0.00000E+00    0.00000E+00    0.00000E+00   -0.43985E-13
    0.45300E+07    0.00000E+00    0.00000E+00    0.00000E+00    0.00000E+00    0.00000E+00   -0.44082E-13
    0.45350E+07    0.00000E+00    0.00000E+00    0.00000E+00    0.00000E+00    0.00000E+00   -0.44180E-13
    0.45400E+07    0.00000E+00    0.00000E+00    0.00000E+00    0.00000E+00    0.00000E+00   -0.44277E-13
    0.45450E+07    0.00000E+00    0.00000E+00    0.00000E+00    0.00000E+00    0.00000E+00   -0.44375E-13
    0.45500E+07    0.00000E+00    0.00000E+00    0.00000E+00    0.00000E+00    0.00000E+00   -0.44472E-13
    0.45550E+07    0.00000E+00    0.00000E+00    0.00000E+00    0.00000E+00    0.00000E+00   -0.44570E-13
    0.45600E+07    0.00000E+00    0.00000E+00    0.00000E+00    0.00000E+00    0.00000E+00   -0.44668E-13
    0.45650E+07    0.00000E+00    0.00000E+00    0.00000E+00    0.00000E+00    0.00000E+00   -0.44766E-13
    0.45700E+07    0.00000E+00    0.00000E+00    0.00000E+00    0.00000E+00    0.00000E+00   -0.44864E-13
    0.45750E+07    0.00000E+00    0.00000E+00    0.00000E+00    0.00000E+00    0.00000E+00   -0.44963E-13
    0.45800E+07    0.00000E+00    0.00000E+00    0.00000E+00    0.00000E+00    0.00000E+00   -0.45061E-13
    0.45850E+07    0.00000E+00    0.00000E+00    0.00000E+00    0.00000E+00    0.00000E+00   -0.45159E-13
    0.45900E+07    0.00000E+00    0.00000E+00    0.00000E+00    0.00000E+00    0.00000E+00   -0.45258E-13
    0.45950E+07    0.00000E+00    0.00000E+00    0.00000E+00    0.00000E+00    0.00000E+00   -0.45356E-13
    0.46000E+07    0.00000E+00    0.00000E+00    0.00000E+00    0.00000E+00    0.00000E+00   -0.45455E-13
    0.46050E+07    0.00000E+00    0.00000E+00    0.00000E+00    0.00000E+00    0.00000E+00   -0.45554E-13
    0.46100E+07    0.00000E+00    0.00000E+00    0.00000E+00    0.00000E+00    0.00000E+00   -0.45653E-13
    0.46150E+07    0.00000E+00    0.00000E+00    0.00000E+00    0.00000E+00    0.00000E+00   -0.45752E-13
    0.46200E+07    0.00000E+00    0.00000E+00    0.00000E+00    0.00000E+00    0.00000E+00   -0.45851E-13
    0.46250E+07    0.00000E+00    0.00000E+00    0.00000E+00    0.00000E+00    0.00000E+00   -0.45951E-13
    0.46300E+07    0.00000E+00    0.00000E+00    0.00000E+00    0.00000E+00    0.00000E+00   -0.46050E-13
    0.46350E+07    0.00000E+00    0.00000E+00    0.00000E+00    0.00000E+00    0.00000E+00   -0.46150E-13
    0.46400E+07    0.00000E+00    0.00000E+00    0.00000E+00    0.00000E+00    0.00000E+00   -0.46249E-13
    0.46450E+07    0.00000E+00    0.00000E+00    0.00000E+00    0.00000E+00    0.00000E+00   -0.46349E-13
    0.46500E+07    0.00000E+00    0.00000E+00    0.00000E+00    0.00000E+00    0.00000E+00   -0.46449E-13
    0.46550E+07    0.00000E+00    0.00000E+00    0.00000E+00    0.00000E+00    0.00000E+00   -0.46549E-13
    0.46600E+07    0.00000E+00    0.00000E+00    0.00000E+00    0.00000E+00    0.00000E+00   -0.46649E-13
    0.46650E+07    0.00000E+00    0.00000E+00    0.00000E+00    0.00000E+00    0.00000E+00   -0.46749E-13
    0.46700E+07    0.00000E+00    0.00000E+00    0.00000E+00    0.00000E+00    0.00000E+00   -0.46849E-13
    0.46750E+07    0.00000E+00    0.00000E+00    0.00000E+00    0.00000E+00    0.00000E+00   -0.46950E-13
    0.46800E+07    0.00000E+00    0.00000E+00    0.00000E+00    0.00000E+00    0.00000E+00   -0.47050E-13
    0.46850E+07    0.00000E+00    0.00000E+00    0.00000E+00    0.00000E+00    0.00000E+00   -0.47151E-13
    0.46900E+07    0.00000E+00    0.00000E+00    0.00000E+00    0.00000E+00    0.00000E+00   -0.47251E-13
    0.46950E+07    0.00000E+00    0.00000E+00    0.00000E+00    0.00000E+00    0.00000E+00   -0.47352E-13
    0.47000E+07    0.00000E+00    0.00000E+00    0.00000E+00    0.00000E+00    0.00000E+00   -0.47453E-13
    0.47050E+07    0.00000E+00    0.00000E+00    0.00000E+00    0.00000E+00    0.00000E+00   -0.47554E-13
    0.47100E+07    0.00000E+00    0.00000E+00    0.00000E+00    0.00000E+00    0.00000E+00   -0.47655E-13
    0.47150E+07    0.00000E+00    0.00000E+00    0.00000E+00    0.00000E+00    0.00000E+00   -0.47756E-13
    0.47200E+07    0.00000E+00    0.00000E+00    0.00000E+00    0.00000E+00    0.00000E+00   -0.47858E-13
    0.47250E+07    0.00000E+00    0.00000E+00    0.00000E+00    0.00000E+00    0.00000E+00   -0.47959E-13
    0.47300E+07    0.00000E+00    0.00000E+00    0.00000E+00    0.00000E+00    0.00000E+00   -0.48061E-13
    0.47350E+07    0.00000E+00    0.00000E+00    0.00000E+00    0.00000E+00    0.00000E+00   -0.48162E-13
    0.47400E+07    0.00000E+00    0.00000E+00    0.00000E+00    0.00000E+00    0.00000E+00   -0.48264E-13
    0.47450E+07    0.00000E+00    0.00000E+00    0.00000E+00    0.00000E+00    0.00000E+00   -0.48366E-13
    0.47500E+07    0.00000E+00    0.00000E+00    0.00000E+00    0.00000E+00    0.00000E+00   -0.48468E-13
    0.47550E+07    0.00000E+00    0.00000E+00    0.00000E+00    0.00000E+00    0.00000E+00   -0.48570E-13
    0.47600E+07    0.00000E+00    0.00000E+00    0.00000E+00    0.00000E+00    0.00000E+00   -0.48672E-13
    0.47650E+07    0.00000E+00    0.00000E+00    0.00000E+00    0.00000E+00    0.00000E+00   -0.48775E-13
    0.47700E+07    0.00000E+00    0.00000E+00    0.00000E+00    0.00000E+00    0.00000E+00   -0.48877E-13
    0.47750E+07    0.00000E+00    0.00000E+00    0.00000E+00    0.00000E+00    0.00000E+00   -0.48980E-13
    0.47800E+07    0.00000E+00    0.00000E+00    0.00000E+00    0.00000E+00    0.00000E+00   -0.49082E-13
    0.47850E+07    0.00000E+00    0.00000E+00    0.00000E+00    0.00000E+00    0.00000E+00   -0.49185E-13
    0.47900E+07    0.00000E+00    0.00000E+00    0.00000E+00    0.00000E+00    0.00000E+00   -0.49288E-13
    0.47950E+07    0.00000E+00    0.00000E+00    0.00000E+00    0.00000E+00    0.00000E+00   -0.49391E-13
    0.48000E+07    0.00000E+00    0.00000E+00    0.00000E+00    0.00000E+00    0.00000E+00   -0.49494E-13
    0.48050E+07    0.00000E+00    0.00000E+00    0.00000E+00    0.00000E+00    0.00000E+00   -0.49597E-13
    0.48100E+07    0.00000E+00    0.00000E+00    0.00000E+00    0.00000E+00    0.00000E+00   -0.49700E-13
    0.48150E+07    0.00000E+00    0.00000E+00    0.00000E+00    0.00000E+00    0.00000E+00   -0.49804E-13
    0.48200E+07    0.00000E+00    0.00000E+00    0.00000E+00    0.00000E+00    0.00000E+00   -0.49907E-13
    0.48250E+07    0.00000E+00    0.00000E+00    0.00000E+00    0.00000E+00    0.00000E+00   -0.50011E-13
    0.48300E+07    0.00000E+00    0.00000E+00    0.00000E+00    0.00000E+00    0.00000E+00   -0.50114E-13
    0.48350E+07    0.00000E+00    0.00000E+00    0.00000E+00    0.00000E+00    0.00000E+00   -0.50218E-13
    0.48400E+07    0.00000E+00    0.00000E+00    0.00000E+00    0.00000E+00    0.00000E+00   -0.50322E-13
    0.48450E+07    0.00000E+00    0.00000E+00    0.00000E+00    0.00000E+00    0.00000E+00   -0.50426E-13
    0.48500E+07    0.00000E+00    0.00000E+00    0.00000E+00    0.00000E+00    0.00000E+00   -0.50530E-13
    0.48550E+07    0.00000E+00    0.00000E+00    0.00000E+00    0.00000E+00    0.00000E+00   -0.50635E-13
    0.48600E+07    0.00000E+00    0.00000E+00    0.00000E+00    0.00000E+00    0.00000E+00   -0.50739E-13
    0.48650E+07    0.00000E+00    0.00000E+00    0.00000E+00    0.00000E+00    0.00000E+00   -0.50843E-13
    0.48700E+07    0.00000E+00    0.00000E+00    0.00000E+00    0.00000E+00    0.00000E+00   -0.50948E-13
    0.48750E+07    0.00000E+00    0.00000E+00    0.00000E+00    0.00000E+00    0.00000E+00   -0.51053E-13
    0.48800E+07    0.00000E+00    0.00000E+00    0.00000E+00    0.00000E+00    0.00000E+00   -0.51157E-13
    0.48850E+07    0.00000E+00    0.00000E+00    0.00000E+00    0.00000E+00    0.00000E+00   -0.51262E-13
    0.48900E+07    0.00000E+00    0.00000E+00    0.00000E+00    0.00000E+00    0.00000E+00   -0.51367E-13
    0.48950E+07    0.00000E+00    0.00000E+00    0.00000E+00    0.00000E+00    0.00000E+00   -0.51472E-13
    0.49000E+07    0.00000E+00    0.00000E+00    0.00000E+00    0.00000E+00    0.00000E+00   -0.51578E-13
    0.49050E+07    0.00000E+00    0.00000E+00    0.00000E+00    0.00000E+00    0.00000E+00   -0.51683E-13
    0.49100E+07    0.00000E+00    0.00000E+00    0.00000E+00    0.00000E+00    0.00000E+00   -0.51788E-13
    0.49150E+07    0.00000E+00    0.00000E+00    0.00000E+00    0.00000E+00    0.00000E+00   -0.51894E-13
    0.49200E+07    0.00000E+00    0.00000E+00    0.00000E+00    0.00000E+00    0.00000E+00   -0.51999E-13
    0.49250E+07    0.00000E+00    0.00000E+00    0.00000E+00    0.00000E+00    0.00000E+00   -0.52105E-13
    0.49300E+07    0.00000E+00    0.00000E+00    0.00000E+00    0.00000E+00    0.00000E+00   -0.52211E-13
    0.49350E+07    0.00000E+00    0.00000E+00    0.00000E+00    0.00000E+00    0.00000E+00   -0.52317E-13
    0.49400E+07    0.00000E+00    0.00000E+00    0.00000E+00    0.00000E+00    0.00000E+00   -0.52423E-13
    0.49450E+07    0.00000E+00    0.00000E+00    0.00000E+00    0.00000E+00    0.00000E+00   -0.52529E-13
    0.49500E+07    0.00000E+00    0.00000E+00    0.00000E+00    0.00000E+00    0.00000E+00   -0.52636E-13
    0.49550E+07    0.00000E+00    0.00000E+00    0.00000E+00    0.00000E+00    0.00000E+00   -0.52742E-13
    0.49600E+07    0.00000E+00    0.00000E+00    0.00000E+00    0.00000E+00    0.00000E+00   -0.52848E-13
    0.49650E+07    0.00000E+00    0.00000E+00    0.00000E+00    0.00000E+00    0.00000E+00   -0.52955E-13
    0.49700E+07    0.00000E+00    0.00000E+00    0.00000E+00    0.00000E+00    0.00000E+00   -0.53062E-13
    0.49750E+07    0.00000E+00    0.00000E+00    0.00000E+00    0.00000E+00    0.00000E+00   -0.53169E-13
    0.49800E+07    0.00000E+00    0.00000E+00    0.00000E+00    0.00000E+00    0.00000E+00   -0.53275E-13
    0.49850E+07    0.00000E+00    0.00000E+00    0.00000E+00    0.00000E+00    0.00000E+00   -0.53382E-13
    0.49900E+07    0.00000E+00    0.00000E+00    0.00000E+00    0.00000E+00    0.00000E+00   -0.53490E-13
    0.49950E+07    0.00000E+00    0.00000E+00    0.00000E+00    0.00000E+00    0.00000E+00   -0.53597E-13
    0.50000E+07    0.00000E+00    0.00000E+00    0.00000E+00    0.00000E+00    0.00000E+00   -0.53704E-13
    0.50050E+07    0.00000E+00    0.00000E+00    0.00000E+00    0.00000E+00    0.00000E+00   -0.53812E-13
    0.50100E+07    0.00000E+00    0.00000E+00    0.00000E+00    0.00000E+00    0.00000E+00   -0.53919E-13
    0.50150E+07    0.00000E+00    0.00000E+00    0.00000E+00    0.00000E+00    0.00000E+00   -0.54027E-13
    0.50200E+07    0.00000E+00    0.00000E+00    0.00000E+00    0.00000E+00    0.00000E+00   -0.54135E-13
    0.50250E+07    0.00000E+00    0.00000E+00    0.00000E+00    0.00000E+00    0.00000E+00   -0.54243E-13
    0.50300E+07    0.00000E+00    0.00000E+00    0.00000E+00    0.00000E+00    0.00000E+00   -0.54351E-13
    0.50350E+07    0.00000E+00    0.00000E+00    0.00000E+00    0.00000E+00    0.00000E+00   -0.54459E-13
    0.50400E+07    0.00000E+00    0.00000E+00    0.00000E+00    0.00000E+00    0.00000E+00   -0.54567E-13
    0.50450E+07    0.00000E+00    0.00000E+00    0.00000E+00    0.00000E+00    0.00000E+00   -0.54675E-13
    0.50500E+07    0.00000E+00    0.00000E+00    0.00000E+00    0.00000E+00    0.00000E+00   -0.54784E-13
    0.50550E+07    0.00000E+00    0.00000E+00    0.00000E+00    0.00000E+00    0.00000E+00   -0.54892E-13
    0.50600E+07    0.00000E+00    0.00000E+00    0.00000E+00    0.00000E+00    0.00000E+00   -0.55001E-13
    0.50650E+07    0.00000E+00    0.00000E+00    0.00000E+00    0.00000E+00    0.00000E+00   -0.55110E-13
    0.50700E+07    0.00000E+00    0.00000E+00    0.00000E+00    0.00000E+00    0.00000E+00   -0.55218E-13
    0.50750E+07    0.00000E+00    0.00000E+00    0.00000E+00    0.00000E+00    0.00000E+00   -0.55327E-13
    0.50800E+07    0.00000E+00    0.00000E+00    0.00000E+00    0.00000E+00    0.00000E+00   -0.55437E-13
    0.50850E+07    0.00000E+00    0.00000E+00    0.00000E+00    0.00000E+00    0.00000E+00   -0.55546E-13
    0.50900E+07    0.00000E+00    0.00000E+00    0.00000E+00    0.00000E+00    0.00000E+00   -0.55655E-13
    0.50950E+07    0.00000E+00    0.00000E+00    0.00000E+00    0.00000E+00    0.00000E+00   -0.55764E-13
    0.51000E+07    0.00000E+00    0.00000E+00    0.00000E+00    0.00000E+00    0.00000E+00   -0.55874E-13
    0.51050E+07    0.00000E+00    0.00000E+00    0.00000E+00    0.00000E+00    0.00000E+00   -0.55983E-13
    0.51100E+07    0.00000E+00    0.00000E+00    0.00000E+00    0.00000E+00    0.00000E+00   -0.56093E-13
    0.51150E+07    0.00000E+00    0.00000E+00    0.00000E+00    0.00000E+00    0.00000E+00   -0.56203E-13
    0.51200E+07    0.00000E+00    0.00000E+00    0.00000E+00    0.00000E+00    0.00000E+00   -0.56313E-13
    0.51250E+07    0.00000E+00    0.00000E+00    0.00000E+00    0.00000E+00    0.00000E+00   -0.56423E-13
    0.51300E+07    0.00000E+00    0.00000E+00    0.00000E+00    0.00000E+00    0.00000E+00   -0.56533E-13
    0.51350E+07    0.00000E+00    0.00000E+00    0.00000E+00    0.00000E+00    0.00000E+00   -0.56643E-13
    0.51400E+07    0.00000E+00    0.00000E+00    0.00000E+00    0.00000E+00    0.00000E+00   -0.56754E-13
    0.51450E+07    0.00000E+00    0.00000E+00    0.00000E+00    0.00000E+00    0.00000E+00   -0.56864E-13
    0.51500E+07    0.00000E+00    0.00000E+00    0.00000E+00    0.00000E+00    0.00000E+00   -0.56975E-13
    0.51550E+07    0.00000E+00    0.00000E+00    0.00000E+00    0.00000E+00    0.00000E+00   -0.57086E-13
    0.51600E+07    0.00000E+00    0.00000E+00    0.00000E+00    0.00000E+00    0.00000E+00   -0.57196E-13
    0.51650E+07    0.00000E+00    0.00000E+00    0.00000E+00    0.00000E+00    0.00000E+00   -0.57307E-13
    0.51700E+07    0.00000E+00    0.00000E+00    0.00000E+00    0.00000E+00    0.00000E+00   -0.57418E-13
    0.51750E+07    0.00000E+00    0.00000E+00    0.00000E+00    0.00000E+00    0.00000E+00   -0.57529E-13
    0.51800E+07    0.00000E+00    0.00000E+00    0.00000E+00    0.00000E+00    0.00000E+00   -0.57641E-13
    0.51850E+07    0.00000E+00    0.00000E+00    0.00000E+00    0.00000E+00    0.00000E+00   -0.57752E-13
    0.51900E+07    0.00000E+00    0.00000E+00    0.00000E+00    0.00000E+00    0.00000E+00   -0.57863E-13
    0.51950E+07    0.00000E+00    0.00000E+00    0.00000E+00    0.00000E+00    0.00000E+00   -0.57975E-13
    0.52000E+07    0.00000E+00    0.00000E+00    0.00000E+00    0.00000E+00    0.00000E+00   -0.58086E-13
    0.52050E+07    0.00000E+00    0.00000E+00    0.00000E+00    0.00000E+00    0.00000E+00   -0.58198E-13
    0.52100E+07    0.00000E+00    0.00000E+00    0.00000E+00    0.00000E+00    0.00000E+00   -0.58310E-13
    0.52150E+07    0.00000E+00    0.00000E+00    0.00000E+00    0.00000E+00    0.00000E+00   -0.58422E-13
    0.52200E+07    0.00000E+00    0.00000E+00    0.00000E+00    0.00000E+00    0.00000E+00   -0.58534E-13
    0.52250E+07    0.00000E+00    0.00000E+00    0.00000E+00    0.00000E+00    0.00000E+00   -0.58646E-13
    0.52300E+07    0.00000E+00    0.00000E+00    0.00000E+00    0.00000E+00    0.00000E+00   -0.58759E-13
    0.52350E+07    0.00000E+00    0.00000E+00    0.00000E+00    0.00000E+00    0.00000E+00   -0.58871E-13
    0.52400E+07    0.00000E+00    0.00000E+00    0.00000E+00    0.00000E+00    0.00000E+00   -0.58984E-13
    0.52450E+07    0.00000E+00    0.00000E+00    0.00000E+00    0.00000E+00    0.00000E+00   -0.59096E-13
    0.52500E+07    0.00000E+00    0.00000E+00    0.00000E+00    0.00000E+00    0.00000E+00   -0.59209E-13
    0.52550E+07    0.00000E+00    0.00000E+00    0.00000E+00    0.00000E+00    0.00000E+00   -0.59322E-13
    0.52600E+07    0.00000E+00    0.00000E+00    0.00000E+00    0.00000E+00    0.00000E+00   -0.59435E-13
    0.52650E+07    0.00000E+00    0.00000E+00    0.00000E+00    0.00000E+00    0.00000E+00   -0.59548E-13
    0.52700E+07    0.00000E+00    0.00000E+00    0.00000E+00    0.00000E+00    0.00000E+00   -0.59661E-13
    0.52750E+07    0.00000E+00    0.00000E+00    0.00000E+00    0.00000E+00    0.00000E+00   -0.59774E-13
    0.52800E+07    0.00000E+00    0.00000E+00    0.00000E+00    0.00000E+00    0.00000E+00   -0.59888E-13
    0.52850E+07    0.00000E+00    0.00000E+00    0.00000E+00    0.00000E+00    0.00000E+00   -0.60001E-13
    0.52900E+07    0.00000E+00    0.00000E+00    0.00000E+00    0.00000E+00    0.00000E+00   -0.60115E-13
    0.52950E+07    0.00000E+00    0.00000E+00    0.00000E+00    0.00000E+00    0.00000E+00   -0.60228E-13
    0.53000E+07    0.00000E+00    0.00000E+00    0.00000E+00    0.00000E+00    0.00000E+00   -0.60342E-13
    0.53050E+07    0.00000E+00    0.00000E+00    0.00000E+00    0.00000E+00    0.00000E+00   -0.60456E-13
    0.53100E+07    0.00000E+00    0.00000E+00    0.00000E+00    0.00000E+00    0.00000E+00   -0.60570E-13
    0.53150E+07    0.00000E+00    0.00000E+00    0.00000E+00    0.00000E+00    0.00000E+00   -0.60684E-13
    0.53200E+07    0.00000E+00    0.00000E+00    0.00000E+00    0.00000E+00    0.00000E+00   -0.60798E-13
    0.53250E+07    0.00000E+00    0.00000E+00    0.00000E+00    0.00000E+00    0.00000E+00   -0.60913E-13
    0.53300E+07    0.00000E+00    0.00000E+00    0.00000E+00    0.00000E+00    0.00000E+00   -0.61027E-13
    0.53350E+07    0.00000E+00    0.00000E+00    0.00000E+00    0.00000E+00    0.00000E+00   -0.61142E-13
    0.53400E+07    0.00000E+00    0.00000E+00    0.00000E+00    0.00000E+00    0.00000E+00   -0.61256E-13
    0.53450E+07    0.00000E+00    0.00000E+00    0.00000E+00    0.00000E+00    0.00000E+00   -0.61371E-13
    0.53500E+07    0.50072E-30    0.11161E-30    0.12355E-32   -0.11159E-30   -0.48294E-27   -0.61486E-13
    0.53550E+07    0.72679E-30    0.16199E-30    0.17910E-32   -0.16197E-30   -0.69928E-27   -0.61601E-13
    0.53600E+07    0.10543E-29    0.23506E-30    0.25965E-32   -0.23502E-30   -0.10125E-26   -0.61716E-13
    0.53650E+07    0.15285E-29    0.34089E-30    0.37635E-32   -0.34084E-30   -0.14655E-26   -0.61831E-13
    0.53700E+07    0.22146E-29    0.49406E-30    0.54531E-32   -0.49398E-30   -0.21201E-26   -0.61947E-13
    0.53750E+07    0.32068E-29    0.71559E-30    0.78979E-32   -0.71546E-30   -0.30654E-26   -0.62062E-13
    0.53800E+07    0.46405E-29    0.10357E-29    0.11433E-31   -0.10355E-29   -0.44292E-26   -0.62177E-13
    0.53850E+07    0.67110E-29    0.14980E-29    0.16542E-31   -0.14977E-29   -0.63955E-26   -0.62293E-13
    0.53900E+07    0.96993E-29    0.21652E-29    0.23920E-31   -0.21647E-29   -0.92286E-26   -0.62409E-13
    0.53950E+07    0.14009E-28    0.31273E-29    0.34568E-31   -0.31267E-29   -0.13308E-25   -0.62525E-13
    0.54000E+07    0.20222E-28    0.45140E-29    0.49925E-31   -0.45130E-29   -0.19177E-25   -0.62641E-13
    0.54050E+07    0.29170E-28    0.65111E-29    0.72061E-31   -0.65097E-29   -0.27616E-25   -0.62757E-13
    0.54100E+07    0.42052E-28    0.93855E-29    0.10395E-30   -0.93835E-29   -0.39742E-25   -0.62873E-13
    0.54150E+07    0.60582E-28    0.13520E-28    0.14985E-30   -0.13517E-28   -0.57154E-25   -0.62989E-13
    0.54200E+07    0.87223E-28    0.19463E-28    0.21588E-30   -0.19459E-28   -0.82140E-25   -0.63105E-13
    0.54250E+07    0.12550E-27    0.28000E-28    0.31080E-30   -0.27993E-28   -0.11797E-24   -0.63222E-13
    0.54300E+07    0.18045E-27    0.40255E-28    0.44719E-30   -0.40245E-28   -0.16932E-24   -0.63339E-13
    0.54350E+07    0.25929E-27    0.57836E-28    0.64300E-30   -0.57822E-28   -0.24285E-24   -0.63455E-13
    0.54400E+07    0.37233E-27    0.83041E-28    0.92395E-30   -0.83019E-28   -0.34809E-24   -0.63572E-13
    0.54450E+07    0.53431E-27    0.11915E-27    0.13268E-29   -0.11912E-27   -0.49859E-24   -0.63689E-13
    0.54500E+07    0.76623E-27    0.17085E-27    0.19041E-29   -0.17080E-27   -0.71368E-24   -0.63806E-13
    0.54550E+07    0.10981E-26    0.24482E-27    0.27306E-29   -0.24475E-27   -0.10209E-23   -0.63923E-13
    0.54600E+07    0.15727E-26    0.35057E-27    0.39135E-29   -0.35047E-27   -0.14593E-23   -0.64040E-13
    0.54650E+07    0.22508E-26    0.50168E-27    0.56050E-29   -0.50153E-27   -0.20846E-23   -0.64158E-13
    0.54700E+07    0.32192E-26    0.71743E-27    0.80222E-29   -0.71721E-27   -0.29757E-23   -0.64275E-13
    0.54750E+07    0.46010E-26    0.10253E-26    0.11474E-28   -0.10250E-26   -0.42449E-23   -0.64393E-13
    0.54800E+07    0.65715E-26    0.14642E-26    0.16401E-28   -0.14637E-26   -0.60512E-23   -0.64510E-13
    0.54850E+07    0.93795E-26    0.20897E-26    0.23426E-28   -0.20890E-26   -0.86201E-23   -0.64628E-13
    0.54900E+07    0.13378E-25    0.29802E-26    0.33438E-28   -0.29792E-26   -0.12271E-22   -0.64746E-13
    0.54950E+07    0.19068E-25    0.42474E-26    0.47697E-28   -0.42458E-26   -0.17456E-22   -0.64864E-13
    0.55000E+07    0.27159E-25    0.60491E-26    0.67988E-28   -0.60468E-26   -0.24813E-22   -0.64982E-13
    0.55050E+07    0.38655E-25    0.86091E-26    0.96845E-28   -0.86057E-26   -0.35247E-22   -0.65100E-13
    0.55100E+07    0.54979E-25    0.12244E-25    0.13785E-27   -0.12239E-25   -0.50031E-22   -0.65219E-13
    0.55150E+07    0.78141E-25    0.17401E-25    0.19609E-27   -0.17394E-25   -0.70967E-22   -0.65337E-13
    0.55200E+07    0.11098E-24    0.24712E-25    0.27873E-27   -0.24702E-25   -0.10059E-21   -0.65456E-13
    0.55250E+07    0.15751E-24    0.35071E-25    0.39591E-27   -0.35055E-25   -0.14247E-21   -0.65574E-13
    0.55300E+07    0.22337E-24    0.49735E-25    0.56195E-27   -0.49711E-25   -0.20163E-21   -0.65693E-13
    0.55350E+07    0.31655E-24    0.70479E-25    0.79705E-27   -0.70444E-25   -0.28515E-21   -0.65812E-13
    0.55400E+07    0.44826E-24    0.99802E-25    0.11297E-26   -0.99751E-25   -0.40296E-21   -0.65931E-13
    0.55450E+07    0.63430E-24    0.14122E-24    0.16000E-26   -0.14115E-24   -0.56902E-21   -0.66050E-13
    0.55500E+07    0.89687E-24    0.19968E-24    0.22643E-26   -0.19957E-24   -0.80288E-21   -0.66169E-13
    0.55550E+07    0.12671E-23    0.28212E-24    0.32022E-26   -0.28196E-24   -0.11320E-20   -0.66288E-13
    0.55600E+07    0.17889E-23    0.39829E-24    0.45250E-26   -0.39806E-24   -0.15947E-20   -0.66408E-13
    0.55650E+07    0.25236E-23    0.56188E-24    0.63894E-26   -0.56153E-24   -0.22448E-20   -0.66527E-13
    0.55700E+07    0.35571E-23    0.79204E-24    0.90150E-26   -0.79153E-24   -0.31573E-20   -0.66647E-13
    0.55750E+07    0.50115E-23    0.11158E-23    0.12710E-25   -0.11150E-23   -0.44330E-20   -0.66766E-13
    0.55800E+07    0.70546E-23    0.15706E-23    0.17906E-25   -0.15695E-23   -0.62197E-20   -0.66886E-13
    0.55800E+07    0.70546E-23    0.15706E-23    0.17906E-25   -0.15695E-23   -0.62197E-20   -0.66886E-13
    0.55850E+07    0.99370E-23    0.22144E-23    0.25185E-25   -0.22127E-23   -0.87585E-20   -0.67006E-13
    0.55900E+07    0.13986E-22    0.31206E-23    0.35425E-25   -0.31179E-23   -0.12333E-19   -0.67126E-13
    0.55950E+07    0.19667E-22    0.43944E-23    0.49815E-25   -0.43903E-23   -0.17358E-19   -0.67246E-13
    0.56000E+07    0.27633E-22    0.61825E-23    0.70019E-25   -0.61764E-23   -0.24413E-19   -0.67367E-13
    0.56050E+07    0.38790E-22    0.86898E-23    0.98358E-25   -0.86809E-23   -0.34307E-19   -0.67487E-13
    0.56100E+07    0.54402E-22    0.12202E-22    0.13807E-24   -0.12189E-22   -0.48166E-19   -0.67607E-13
    0.56150E+07    0.76229E-22    0.17116E-22    0.19367E-24   -0.17097E-22   -0.67558E-19   -0.67728E-13
    0.56200E+07    0.10671E-21    0.23984E-22    0.27144E-24   -0.23956E-22   -0.94663E-19   -0.67849E-13
    0.56250E+07    0.14925E-21    0.33574E-22    0.38009E-24   -0.33534E-22   -0.13251E-18   -0.67969E-13
    0.56300E+07    0.20853E-21    0.46952E-22    0.53176E-24   -0.46894E-22   -0.18530E-18   -0.68090E-13
    0.56350E+07    0.29108E-21    0.65592E-22    0.74328E-24   -0.65509E-22   -0.25885E-18   -0.68211E-13
    0.56400E+07    0.40591E-21    0.91540E-22    0.10379E-23   -0.91421E-22   -0.36123E-18   -0.68332E-13
    0.56450E+07    0.56548E-21    0.12762E-21    0.14480E-23   -0.12745E-21   -0.50356E-18   -0.68454E-13
    0.56500E+07    0.78696E-21    0.17774E-21    0.20181E-23   -0.17750E-21   -0.70126E-18   -0.68575E-13
    0.56550E+07    0.10941E-20    0.24730E-21    0.28100E-23   -0.24694E-21   -0.97554E-18   -0.68696E-13
    0.56600E+07    0.15195E-20    0.34371E-21    0.39084E-23   -0.34320E-21   -0.13556E-17   -0.68818E-13
    0.56650E+07    0.21080E-20    0.47720E-21    0.54308E-23   -0.47646E-21   -0.18818E-17   -0.68940E-13
    0.56700E+07    0.29213E-20    0.66182E-21    0.75382E-23   -0.66077E-21   -0.26093E-17   -0.69061E-13
    0.56750E+07    0.40440E-20    0.91689E-21    0.10452E-22   -0.91538E-21   -0.36140E-17   -0.69183E-13
    0.56800E+07    0.55919E-20    0.12689E-20    0.14478E-22   -0.12667E-20   -0.50000E-17   -0.69305E-13
    0.56850E+07    0.77236E-20    0.17540E-20    0.20031E-22   -0.17509E-20   -0.69094E-17   -0.69427E-13
    0.56900E+07    0.10656E-19    0.24219E-20    0.27683E-22   -0.24174E-20   -0.95369E-17   -0.69549E-13
    0.56950E+07    0.14683E-19    0.33403E-20    0.38216E-22   -0.33338E-20   -0.13148E-16   -0.69672E-13
    0.57000E+07    0.20209E-19    0.46015E-20    0.52695E-22   -0.45922E-20   -0.18104E-16   -0.69794E-13
    0.57050E+07    0.27781E-19    0.63313E-20    0.72574E-22   -0.63181E-20   -0.24898E-16   -0.69917E-13
    0.57100E+07    0.38142E-19    0.87008E-20    0.99832E-22   -0.86818E-20   -0.34197E-16   -0.70039E-13
    0.57149E+07    0.52076E-19    0.11891E-19    0.13657E-21   -0.11864E-19   -0.46708E-16   -0.70160E-13
    0.57199E+07    0.71007E-19    0.16230E-19    0.18659E-21   -0.16191E-19   -0.63710E-16   -0.70281E-13
    0.57199E+07    0.86255E-19    0.19546E-19    0.15910E-21   -0.18867E-19   -0.67936E-16   -0.70281E-13
    0.57200E+07    0.86985E-19    0.19765E-19    0.16116E-21   -0.19091E-19   -0.68843E-16   -0.70285E-13
    0.57250E+07    0.11866E-18    0.28787E-19    0.24969E-21   -0.28283E-19   -0.10643E-15   -0.70408E-13
    0.57300E+07    0.16196E-18    0.40297E-19    0.36963E-21   -0.39905E-19   -0.15438E-15   -0.70531E-13
    0.57350E+07    0.22049E-18    0.55134E-19    0.53161E-21   -0.54815E-19   -0.21595E-15   -0.70654E-13
    0.57400E+07    0.29931E-18    0.74449E-19    0.74977E-21   -0.74175E-19   -0.29570E-15   -0.70777E-13
    0.57450E+07    0.40530E-18    0.99797E-19    0.10431E-20   -0.99547E-19   -0.39981E-15   -0.70900E-13
    0.57500E+07    0.54769E-18    0.13326E-18    0.14370E-20   -0.13301E-18   -0.53656E-15   -0.71024E-13
    0.57550E+07    0.73883E-18    0.17761E-18    0.19656E-20   -0.17735E-18   -0.71700E-15   -0.71147E-13
    0.57600E+07    0.99516E-18    0.23654E-18    0.26745E-20   -0.23626E-18   -0.95577E-15   -0.71271E-13
    0.57650E+07    0.13386E-17    0.31497E-18    0.36244E-20   -0.31464E-18   -0.12723E-14   -0.71394E-13
    0.57700E+07    0.17983E-17    0.41943E-18    0.48966E-20   -0.41904E-18   -0.16923E-14   -0.71518E-13
    0.57750E+07    0.24131E-17    0.55861E-18    0.65990E-20   -0.55812E-18   -0.22500E-14   -0.71641E-13
    0.57800E+07    0.32343E-17    0.74402E-18    0.88753E-20   -0.74338E-18   -0.29902E-14   -0.71765E-13
    0.57850E+07    0.43301E-17    0.99090E-18    0.11916E-19   -0.99005E-18   -0.39724E-14   -0.71889E-13
    0.57900E+07    0.57908E-17    0.13194E-17    0.15975E-19   -0.13183E-17   -0.52749E-14   -0.72012E-13
    0.57950E+07    0.77358E-17    0.17563E-17    0.21387E-19   -0.17548E-17   -0.70010E-14   -0.72135E-13
    0.58000E+07    0.10323E-16    0.23368E-17    0.28597E-19   -0.23347E-17   -0.92864E-14   -0.72259E-13
    0.58050E+07    0.13760E-16    0.31074E-17    0.38191E-19   -0.31045E-17   -0.12309E-13   -0.72381E-13
    0.58100E+07    0.18322E-16    0.41292E-17    0.50944E-19   -0.41252E-17   -0.16304E-13   -0.72503E-13
    0.58150E+07    0.24369E-16    0.54827E-17    0.67877E-19   -0.54772E-17   -0.21576E-13   -0.72625E-13
    0.58200E+07    0.32375E-16    0.72737E-17    0.90338E-19   -0.72660E-17   -0.28526E-13   -0.72745E-13
    0.58250E+07    0.42963E-16    0.96409E-17    0.12009E-18   -0.96303E-17   -0.37678E-13   -0.72865E-13
    0.58300E+07    0.56947E-16    0.12766E-16    0.15947E-18   -0.12751E-16   -0.49715E-13   -0.72982E-13
    0.58350E+07    0.75395E-16    0.16886E-16    0.21152E-18   -0.16866E-16   -0.65524E-13   -0.73097E-13
    0.58400E+07    0.99699E-16    0.22313E-16    0.28022E-18   -0.22284E-16   -0.86262E-13   -0.73209E-13
    0.58450E+07    0.13168E-15    0.29450E-16    0.37079E-18   -0.29410E-16   -0.11343E-12   -0.73316E-13
    0.58500E+07    0.17369E-15    0.38824E-16    0.49005E-18   -0.38769E-16   -0.14897E-12   -0.73418E-13
    0.58550E+07    0.22883E-15    0.51121E-16    0.64687E-18   -0.51044E-16   -0.19539E-12   -0.73513E-13
    0.58600E+07    0.30106E-15    0.67227E-16    0.85279E-18   -0.67120E-16   -0.25593E-12   -0.73599E-13
    0.58636E+07    0.36554E-15    0.81603E-16    0.10370E-17   -0.81467E-16   -0.30977E-12   -0.73653E-13
    0.58636E+07    0.37717E-15    0.84379E-16    0.10117E-17   -0.84036E-16   -0.31914E-12   -0.73647E-13
    0.58668E+07    0.45007E-15    0.10147E-15    0.12222E-17   -0.10111E-15   -0.38492E-12   -0.73688E-13
    0.58700E+07    0.53672E-15    0.12159E-15    0.14722E-17   -0.12122E-15   -0.46213E-12   -0.73722E-13
    0.58750E+07    0.70431E-15    0.16016E-15    0.19558E-17   -0.15974E-15   -0.60945E-12   -0.73757E-13
    0.58800E+07    0.92273E-15    0.21000E-15    0.25862E-17   -0.20950E-15   -0.79886E-12   -0.73765E-13
    0.58850E+07    0.12069E-14    0.27444E-15    0.34073E-17   -0.27382E-15   -0.10426E-11   -0.73737E-13
    0.58900E+07    0.15761E-14    0.35775E-15    0.44756E-17   -0.35697E-15   -0.13561E-11   -0.73664E-13
    0.58950E+07    0.20550E-14    0.46540E-15    0.58637E-17   -0.46440E-15   -0.17594E-11   -0.73532E-13
    0.59000E+07    0.26752E-14    0.60441E-15    0.76647E-17   -0.60309E-15   -0.22777E-11   -0.73325E-13
    0.59050E+07    0.34769E-14    0.78370E-15    0.99982E-17   -0.78197E-15   -0.29431E-11   -0.73021E-13
    0.59100E+07    0.45117E-14    0.10147E-14    0.13017E-16   -0.10124E-14   -0.37963E-11   -0.72593E-13
    0.59150E+07    0.58449E-14    0.13118E-14    0.16916E-16   -0.13087E-14   -0.48887E-11   -0.72008E-13
    0.59200E+07    0.75596E-14    0.16935E-14    0.21945E-16   -0.16893E-14   -0.62849E-11   -0.71221E-13
    0.59250E+07    0.97609E-14    0.21829E-14    0.28417E-16   -0.21772E-14   -0.80666E-11   -0.70177E-13
    0.59300E+07    0.12581E-13    0.28093E-14    0.36734E-16   -0.28017E-14   -0.10336E-10   -0.68809E-13
    0.59350E+07    0.16188E-13    0.36097E-14    0.47402E-16   -0.35994E-14   -0.13220E-10   -0.67030E-13
    0.59400E+07    0.20791E-13    0.46304E-14    0.61058E-16   -0.46164E-14   -0.16877E-10   -0.64732E-13
    0.59450E+07    0.26652E-13    0.59292E-14    0.78504E-16   -0.59102E-14   -0.21507E-10   -0.61780E-13
    0.59500E+07    0.34100E-13    0.75786E-14    0.10075E-15   -0.75527E-14   -0.27351E-10   -0.58007E-13
    0.59529E+07    0.39273E-13    0.87237E-14    0.11623E-15   -0.86926E-14   -0.31390E-10   -0.55379E-13
    0.59558E+07    0.45201E-13    0.10036E-13    0.13402E-15   -0.99986E-14   -0.36002E-10   -0.52363E-13
    0.59558E+07    0.49139E-13    0.10718E-13    0.12413E-15   -0.10367E-13   -0.34553E-10   -0.49438E-13
    0.59600E+07    0.60571E-13    0.13565E-13    0.16045E-15   -0.13180E-13   -0.44728E-10   -0.43775E-13
    0.59650E+07    0.77457E-13    0.17609E-13    0.21362E-15   -0.17162E-13   -0.59147E-10   -0.35417E-13
    0.59700E+07    0.98849E-13    0.22567E-13    0.28059E-15   -0.22034E-13   -0.76773E-10   -0.24857E-13
    0.59750E+07    0.12588E-12    0.28677E-13    0.36491E-15   -0.28031E-13   -0.98425E-10   -0.11561E-13
    0.59800E+07    0.15997E-12    0.36235E-13    0.47104E-15   -0.35444E-13   -0.12513E-09    0.51383E-14
    0.59850E+07    0.20290E-12    0.45609E-13    0.60452E-15   -0.44634E-13   -0.15819E-09    0.26073E-13
    0.59900E+07    0.25692E-12    0.57258E-13    0.77228E-15   -0.56052E-13   -0.19919E-09    0.52292E-13
    0.59950E+07    0.32564E-12    0.72029E-13    0.98305E-15   -0.71202E-13   -0.25059E-09    0.84812E-13
    0.60000E+07    0.41153E-12    0.90434E-13    0.12473E-14   -0.90257E-13   -0.31440E-09    0.12495E-12
    0.60050E+07    0.51714E-12    0.11286E-12    0.15774E-14   -0.11265E-12   -0.39256E-09    0.17471E-12
    0.60100E+07    0.64864E-12    0.14058E-12    0.19889E-14   -0.14033E-12   -0.48900E-09    0.23627E-12
    0.60150E+07    0.81201E-12    0.17483E-12    0.25010E-14   -0.17453E-12   -0.60791E-09    0.31224E-12
    0.60200E+07    0.10146E-11    0.21708E-12    0.31374E-14   -0.21671E-12   -0.75433E-09    0.40580E-12
    0.60250E+07    0.12654E-11    0.26913E-12    0.39269E-14   -0.26868E-12   -0.93443E-09    0.52081E-12
    0.60300E+07    0.15753E-11    0.33317E-12    0.49046E-14   -0.33261E-12   -0.11556E-08    0.66186E-12
    0.60350E+07    0.19575E-11    0.41181E-12    0.61133E-14   -0.41110E-12   -0.14267E-08    0.83452E-12
    0.60400E+07    0.24279E-11    0.50821E-12    0.76048E-14   -0.50733E-12   -0.17586E-08    0.10454E-11
    0.60450E+07    0.30058E-11    0.62616E-12    0.94420E-14   -0.62505E-12   -0.21640E-08    0.13024E-11
    0.60500E+07    0.37144E-11    0.77018E-12    0.11701E-13   -0.76879E-12   -0.26583E-08    0.16150E-11
    0.60550E+07    0.45814E-11    0.94571E-12    0.14472E-13   -0.94396E-12   -0.32597E-08    0.19943E-11
    0.60600E+07    0.56404E-11    0.11592E-11    0.17866E-13   -0.11570E-11   -0.39899E-08    0.24535E-11
    0.60650E+07    0.69311E-11    0.14182E-11    0.22014E-13   -0.14155E-11   -0.48748E-08    0.30083E-11
    0.60700E+07    0.85009E-11    0.17320E-11    0.27073E-13   -0.17285E-11   -0.59446E-08    0.36769E-11
    0.60750E+07    0.10407E-10    0.21110E-11    0.33231E-13   -0.21067E-11   -0.72351E-08    0.44808E-11
    0.60800E+07    0.12715E-10    0.25679E-11    0.40712E-13   -0.25626E-11   -0.87884E-08    0.54453E-11
    0.60850E+07    0.15505E-10    0.31175E-11    0.49780E-13   -0.31109E-11   -0.10654E-07    0.65993E-11
    0.60900E+07    0.18870E-10    0.37770E-11    0.60747E-13   -0.37688E-11   -0.12888E-07    0.79770E-11
    0.60950E+07    0.22920E-10    0.45665E-11    0.73983E-13   -0.45562E-11   -0.15559E-07    0.96175E-11
    0.61000E+07    0.27784E-10    0.55093E-11    0.89922E-13   -0.54966E-11   -0.18743E-07    0.11566E-10
    0.61050E+07    0.33612E-10    0.66323E-11    0.10907E-12   -0.66166E-11   -0.22530E-07    0.13874E-10
    0.61100E+07    0.40580E-10    0.79668E-11    0.13203E-12   -0.79475E-11   -0.27022E-07    0.16601E-10
    0.61150E+07    0.48891E-10    0.95483E-11    0.15949E-12   -0.95246E-11   -0.32337E-07    0.19814E-10
    0.61200E+07    0.58782E-10    0.11418E-10    0.19225E-12   -0.11389E-10   -0.38609E-07    0.23589E-10
    0.61250E+07    0.70524E-10    0.13622E-10    0.23125E-12   -0.13586E-10   -0.45991E-07    0.28012E-10
    0.61300E+07    0.84433E-10    0.16213E-10    0.27756E-12   -0.16170E-10   -0.54655E-07    0.33181E-10
    0.61350E+07    0.10087E-09    0.19251E-10    0.33242E-12   -0.19199E-10   -0.64796E-07    0.39201E-10
    0.61400E+07    0.12024E-09    0.22803E-10    0.39723E-12   -0.22739E-10   -0.76632E-07    0.46193E-10
    0.61450E+07    0.14301E-09    0.26944E-10    0.47362E-12   -0.26867E-10   -0.90405E-07    0.54288E-10
    0.61500E+07    0.16973E-09    0.31757E-10    0.56340E-12   -0.31664E-10   -0.10639E-06    0.63631E-10
    0.61550E+07    0.20098E-09    0.37334E-10    0.66868E-12   -0.37222E-10   -0.12488E-06    0.74380E-10
    0.61600E+07    0.23745E-09    0.43777E-10    0.79177E-12   -0.43643E-10   -0.14620E-06    0.86707E-10
    0.61650E+07    0.27989E-09    0.51198E-10    0.93530E-12   -0.51038E-10   -0.17072E-06    0.10079E-09
    0.61700E+07    0.32916E-09    0.59718E-10    0.11022E-11   -0.59527E-10   -0.19882E-06    0.11684E-09
    0.61750E+07    0.38620E-09    0.69466E-10    0.12958E-11   -0.69239E-10   -0.23092E-06    0.13504E-09
    0.61800E+07    0.45207E-09    0.80583E-10    0.15196E-11   -0.80315E-10   -0.26746E-06    0.15563E-09
    0.61850E+07    0.52793E-09    0.93219E-10    0.17777E-11   -0.92903E-10   -0.30894E-06    0.17882E-09
    0.61900E+07    0.61504E-09    0.10753E-09    0.20744E-11   -0.10716E-09   -0.35584E-06    0.20485E-09
    0.61950E+07    0.71482E-09    0.12368E-09    0.24145E-11   -0.12325E-09   -0.40870E-06    0.23394E-09
    0.62000E+07    0.82879E-09    0.14185E-09    0.28032E-11   -0.14134E-09   -0.46806E-06    0.26635E-09
    0.62049E+07    0.95696E-09    0.16194E-09    0.32405E-11   -0.16136E-09   -0.53365E-06    0.30183E-09
    0.62049E+07    0.97482E-09    0.16736E-09    0.32700E-11   -0.16724E-09   -0.55925E-06    0.30860E-09
    0.62075E+07    0.10414E-08    0.17832E-09    0.35430E-11   -0.17674E-09   -0.59805E-06    0.32661E-09
    0.62100E+07    0.11124E-08    0.18954E-09    0.38293E-11   -0.18626E-09   -0.63742E-06    0.34589E-09
    0.62150E+07    0.12690E-08    0.21349E-09    0.44376E-11   -0.20807E-09   -0.71892E-06    0.38731E-09
    0.62200E+07    0.14449E-08    0.23907E-09    0.51078E-11   -0.23100E-09   -0.80433E-06    0.43352E-09
    0.62250E+07    0.16424E-08    0.26660E-09    0.58460E-11   -0.25530E-09   -0.89442E-06    0.48504E-09
    0.62300E+07    0.18634E-08    0.29635E-09    0.66588E-11   -0.28120E-09   -0.98990E-06    0.54227E-09
    0.62350E+07    0.21103E-08    0.32863E-09    0.75533E-11   -0.30894E-09   -0.10915E-05    0.60563E-09
    0.62400E+07    0.23853E-08    0.36373E-09    0.85361E-11   -0.33873E-09   -0.11997E-05    0.67544E-09
    0.62450E+07    0.26904E-08    0.40191E-09    0.96140E-11   -0.37072E-09   -0.13149E-05    0.75192E-09
    0.62500E+07    0.30279E-08    0.44341E-09    0.10793E-10   -0.40507E-09   -0.14374E-05    0.83517E-09
    0.62550E+07    0.33997E-08    0.48842E-09    0.12077E-10   -0.44185E-09   -0.15671E-05    0.92502E-09
    0.62600E+07    0.38072E-08    0.53707E-09    0.13470E-10   -0.48106E-09   -0.17035E-05    0.10210E-08
    0.62650E+07    0.42515E-08    0.58937E-09    0.14971E-10   -0.52262E-09   -0.18457E-05    0.11223E-08
    0.62700E+07    0.47328E-08    0.64520E-09    0.16577E-10   -0.56630E-09   -0.19921E-05    0.12274E-08
    0.62750E+07    0.52501E-08    0.70429E-09    0.18278E-10   -0.61171E-09   -0.21404E-05    0.13341E-08
    0.62800E+07    0.58009E-08    0.76609E-09    0.20056E-10   -0.65823E-09   -0.22872E-05    0.14393E-08
    0.62850E+07    0.63810E-08    0.82978E-09    0.21885E-10   -0.70495E-09   -0.24281E-05    0.15388E-08
    0.62900E+07    0.69833E-08    0.89415E-09    0.23725E-10   -0.75063E-09   -0.25571E-05    0.16267E-08
    0.62950E+07    0.75973E-08    0.95749E-09    0.25516E-10   -0.79351E-09   -0.26666E-05    0.16953E-08
    0.63000E+07    0.82096E-08    0.10176E-08    0.27179E-10   -0.83131E-09   -0.27469E-05    0.17352E-08
    0.63025E+07    0.85092E-08    0.10468E-08    0.27919E-10   -0.85253E-09   -0.27747E-05    0.17393E-08
    0.63025E+07    0.72576E-08    0.94570E-09    0.29837E-10   -0.78503E-09   -0.24912E-05    0.11573E-08
    0.63062E+07    0.75904E-08    0.93944E-09    0.28372E-10   -0.76679E-09   -0.22673E-05    0.11268E-08
    0.63100E+07    0.78435E-08    0.93255E-09    0.26607E-10   -0.73762E-09   -0.20361E-05    0.10409E-08
    0.63150E+07    0.80160E-08    0.91456E-09    0.23544E-10   -0.67241E-09   -0.16939E-05    0.81803E-09
    0.63200E+07    0.79518E-08    0.87644E-09    0.19264E-10   -0.56241E-09   -0.12862E-05    0.44527E-09
    0.63250E+07    0.75990E-08    0.80770E-09    0.13253E-10   -0.38865E-09   -0.79686E-06   -0.98533E-10
    0.63300E+07    0.69184E-08    0.69978E-09    0.48994E-11   -0.12888E-09   -0.23158E-06   -0.81920E-09
    0.63350E+07    0.59027E-08    0.54926E-09   -0.64975E-11    0.24172E-09    0.36556E-06   -0.16933E-08
    0.63400E+07    0.46069E-08    0.36311E-09   -0.21704E-10    0.74890E-09    0.88410E-06   -0.26456E-08
    0.63450E+07    0.32011E-08    0.16750E-09   -0.41497E-10    0.14159E-08    0.11033E-05   -0.35116E-08
    0.63500E+07    0.20512E-08    0.21724E-10   -0.66553E-10    0.22576E-08    0.62474E-06   -0.39817E-08
    0.63545E+07    0.17953E-08    0.25741E-10   -0.93935E-10    0.31620E-08   -0.95544E-06   -0.36254E-08
    0.63590E+07    0.31492E-08    0.30371E-09   -0.12578E-09    0.41792E-08   -0.44331E-05   -0.18744E-08
    0.63590E+07   -0.89463E-10    0.10051E-10   -0.86888E-10    0.48437E-08    0.28492E-06   -0.48755E-08
    0.63600E+07    0.26193E-09    0.13934E-12   -0.92043E-10    0.50051E-08    0.35315E-07   -0.47745E-08
    0.63629E+07    0.17716E-08    0.67590E-10   -0.10752E-09    0.54331E-08   -0.91786E-06   -0.41936E-08
    0.63658E+07    0.41624E-08    0.30750E-09   -0.12346E-09    0.57811E-08   -0.22751E-05   -0.31095E-08
    0.63658E+07   -0.59841E-09    0.71659E-10   -0.15278E-10    0.21962E-08    0.38708E-06   -0.10203E-07
    0.63660E+07   -0.47949E-09    0.43827E-10   -0.15455E-10    0.20890E-08    0.30585E-06   -0.10362E-07
    0.63660E+07    0.00000E+00    0.23197E-08   -0.00000E+00    0.75154E-09    0.52418E-06   -0.53249E-08
    0.63710E+07    0.00000E+00    0.94018E-13    0.00000E+00   -0.94018E-13   -0.14103E-09   -0.92245E-08
