    0.10000E+01    0.00000E+00    0.00000E+00    0.00000E+00    0.00000E+00    0.00000E+00    0.40165E-26
    0.20000E+05    0.00000E+00    0.00000E+00    0.00000E+00    0.00000E+00    0.00000E+00    0.16066E-17
    0.40000E+05    0.00000E+00    0.00000E+00    0.00000E+00    0.00000E+00    0.00000E+00    0.64263E-17
    0.60000E+05    0.00000E+00    0.00000E+00    0.00000E+00    0.00000E+00    0.00000E+00    0.14459E-16
    0.80000E+05    0.00000E+00    0.00000E+00    0.00000E+00    0.00000E+00    0.00000E+00    0.25705E-16
    0.10000E+06    0.00000E+00    0.00000E+00    0.00000E+00    0.00000E+00    0.00000E+00    0.40165E-16
    0.12000E+06    0.00000E+00    0.00000E+00    0.00000E+00    0.00000E+00    0.00000E+00    0.57837E-16
    0.14000E+06    0.00000E+00    0.00000E+00    0.00000E+00    0.00000E+00    0.00000E+00    0.78723E-16
    0.16000E+06    0.00000E+00    0.00000E+00    0.00000E+00    0.00000E+00    0.00000E+00    0.10282E-15
    0.18000E+06    0.00000E+00    0.00000E+00    0.00000E+00    0.00000E+00    0.00000E+00    0.13013E-15
    0.20000E+06    0.00000E+00    0.00000E+00    0.00000E+00    0.00000E+00    0.00000E+00    0.16066E-15
    0.22000E+06    0.00000E+00    0.00000E+00    0.00000E+00    0.00000E+00    0.00000E+00    0.19440E-15
    0.24000E+06    0.00000E+00    0.00000E+00    0.00000E+00    0.00000E+00    0.00000E+00    0.23135E-15
    0.26000E+06    0.00000E+00    0.00000E+00    0.00000E+00    0.00000E+00    0.00000E+00    0.27151E-15
    0.28000E+06    0.00000E+00    0.00000E+00    0.00000E+00    0.00000E+00    0.00000E+00    0.31489E-15
    0.30000E+06    0.00000E+00    0.00000E+00    0.00000E+00    0.00000E+00    0.00000E+00    0.36148E-15
    0.32000E+06    0.00000E+00    0.00000E+00    0.00000E+00    0.00000E+00    0.00000E+00    0.41129E-15
    0.34000E+06    0.00000E+00    0.00000E+00    0.00000E+00    0.00000E+00    0.00000E+00    0.46430E-15
    0.36000E+06    0.00000E+00    0.00000E+00    0.00000E+00    0.00000E+00    0.00000E+00    0.52053E-15
    0.38000E+06    0.00000E+00    0.00000E+00    0.00000E+00    0.00000E+00    0.00000E+00    0.57998E-15
    0.40000E+06    0.00000E+00    0.00000E+00    0.00000E+00    0.00000E+00    0.00000E+00    0.64263E-15
    0.42000E+06    0.00000E+00    0.00000E+00    0.00000E+00    0.00000E+00    0.00000E+00    0.70851E-15
    0.44000E+06    0.00000E+00    0.00000E+00    0.00000E+00    0.00000E+00    0.00000E+00    0.77759E-15
    0.46000E+06    0.00000E+00    0.00000E+00    0.00000E+00    0.00000E+00    0.00000E+00    0.84988E-15
    0.48000E+06    0.00000E+00    0.00000E+00    0.00000E+00    0.00000E+00    0.00000E+00    0.92539E-15
    0.50000E+06    0.00000E+00    0.00000E+00    0.00000E+00    0.00000E+00    0.00000E+00    0.10041E-14
    0.52000E+06    0.00000E+00    0.00000E+00    0.00000E+00    0.00000E+00    0.00000E+00    0.10861E-14
    0.54000E+06    0.00000E+00    0.00000E+00    0.00000E+00    0.00000E+00    0.00000E+00    0.11712E-14
    0.56000E+06    0.00000E+00    0.00000E+00    0.00000E+00    0.00000E+00    0.00000E+00    0.12596E-14
    0.58000E+06    0.00000E+00    0.00000E+00    0.00000E+00    0.00000E+00    0.00000E+00    0.13511E-14
    0.60000E+06    0.00000E+00    0.00000E+00    0.00000E+00    0.00000E+00    0.00000E+00    0.14459E-14
    0.62000E+06    0.00000E+00    0.00000E+00    0.00000E+00    0.00000E+00    0.00000E+00    0.15439E-14
    0.64000E+06    0.00000E+00    0.00000E+00    0.00000E+00    0.00000E+00    0.00000E+00    0.16451E-14
    0.66000E+06    0.00000E+00    0.00000E+00    0.00000E+00    0.00000E+00    0.00000E+00    0.17496E-14
    0.68000E+06    0.00000E+00    0.00000E+00    0.00000E+00    0.00000E+00    0.00000E+00    0.18572E-14
    0.70000E+06    0.00000E+00    0.00000E+00    0.00000E+00    0.00000E+00    0.00000E+00    0.19681E-14
    0.72000E+06    0.00000E+00    0.00000E+00    0.00000E+00    0.00000E+00    0.00000E+00    0.20821E-14
    0.74000E+06    0.00000E+00    0.00000E+00    0.00000E+00    0.00000E+00    0.00000E+00    0.21994E-14
    0.76000E+06    0.00000E+00    0.00000E+00    0.00000E+00    0.00000E+00    0.00000E+00    0.23199E-14
    0.78000E+06    0.00000E+00    0.00000E+00    0.00000E+00    0.00000E+00    0.00000E+00    0.24436E-14
    0.80000E+06    0.00000E+00    0.00000E+00    0.00000E+00    0.00000E+00    0.00000E+00    0.25705E-14
    0.82000E+06    0.00000E+00    0.00000E+00    0.00000E+00    0.00000E+00    0.00000E+00    0.27007E-14
    0.84000E+06    0.00000E+00    0.00000E+00    0.00000E+00    0.00000E+00    0.00000E+00    0.28340E-14
    0.86000E+06    0.00000E+00    0.00000E+00    0.00000E+00    0.00000E+00    0.00000E+00    0.29706E-14
    0.88000E+06    0.00000E+00    0.00000E+00    0.00000E+00    0.00000E+00    0.00000E+00    0.31104E-14
    0.90000E+06    0.00000E+00    0.00000E+00    0.00000E+00    0.00000E+00    0.00000E+00    0.32533E-14
    0.92000E+06    0.00000E+00    0.00000E+00    0.00000E+00    0.00000E+00    0.00000E+00    0.33995E-14
    0.94000E+06    0.00000E+00    0.00000E+00    0.00000E+00    0.00000E+00    0.00000E+00    0.35490E-14
    0.96000E+06    0.00000E+00    0.00000E+00    0.00000E+00    0.00000E+00    0.00000E+00    0.37016E-14
    0.98000E+06    0.00000E+00    0.00000E+00    0.00000E+00    0.00000E+00    0.00000E+00    0.38574E-14
    0.10000E+07    0.00000E+00    0.00000E+00    0.00000E+00    0.00000E+00    0.00000E+00    0.40165E-14
    0.10200E+07    0.00000E+00    0.00000E+00    0.00000E+00    0.00000E+00    0.00000E+00    0.41787E-14
    0.10400E+07    0.00000E+00    0.00000E+00    0.00000E+00    0.00000E+00    0.00000E+00    0.43442E-14
    0.10600E+07    0.00000E+00    0.00000E+00    0.00000E+00    0.00000E+00    0.00000E+00    0.45129E-14
    0.10800E+07    0.00000E+00    0.00000E+00    0.00000E+00    0.00000E+00    0.00000E+00    0.46848E-14
    0.11000E+07    0.00000E+00    0.00000E+00    0.00000E+00    0.00000E+00    0.00000E+00    0.48599E-14
    0.11200E+07    0.00000E+00    0.00000E+00    0.00000E+00    0.00000E+00    0.00000E+00    0.50383E-14
    0.11400E+07    0.00000E+00    0.00000E+00    0.00000E+00    0.00000E+00    0.00000E+00    0.52198E-14
    0.11600E+07    0.00000E+00    0.00000E+00    0.00000E+00    0.00000E+00    0.00000E+00    0.54046E-14
    0.11800E+07    0.00000E+00    0.00000E+00    0.00000E+00    0.00000E+00    0.00000E+00    0.55925E-14
    0.12000E+07    0.00000E+00    0.00000E+00    0.00000E+00    0.00000E+00    0.00000E+00    0.57837E-14
    0.12200E+07    0.00000E+00    0.00000E+00    0.00000E+00    0.00000E+00    0.00000E+00    0.59781E-14
    0.12215E+07    0.00000E+00    0.00000E+00    0.00000E+00    0.00000E+00    0.00000E+00    0.59928E-14
    0.12215E+07    0.00000E+00    0.00000E+00    0.00000E+00    0.00000E+00    0.00000E+00    0.59928E-14
    0.12400E+07    0.00000E+00    0.00000E+00    0.00000E+00    0.00000E+00    0.00000E+00    0.61757E-14
    0.12600E+07    0.00000E+00    0.00000E+00    0.00000E+00    0.00000E+00    0.00000E+00    0.63765E-14
    0.12800E+07    0.00000E+00    0.00000E+00    0.00000E+00    0.00000E+00    0.00000E+00    0.65806E-14
    0.13000E+07    0.00000E+00    0.00000E+00    0.00000E+00    0.00000E+00    0.00000E+00    0.67878E-14
    0.13200E+07    0.00000E+00    0.00000E+00    0.00000E+00    0.00000E+00    0.00000E+00    0.69983E-14
    0.13400E+07    0.00000E+00    0.00000E+00    0.00000E+00    0.00000E+00    0.00000E+00    0.72120E-14
    0.13600E+07    0.00000E+00    0.00000E+00    0.00000E+00    0.00000E+00    0.00000E+00    0.74289E-14
    0.13800E+07    0.00000E+00    0.00000E+00    0.00000E+00    0.00000E+00    0.00000E+00    0.76490E-14
    0.14000E+07    0.00000E+00    0.00000E+00    0.00000E+00    0.00000E+00    0.00000E+00    0.78723E-14
    0.14200E+07    0.00000E+00    0.00000E+00    0.00000E+00    0.00000E+00    0.00000E+00    0.80988E-14
    0.14400E+07    0.00000E+00    0.00000E+00    0.00000E+00    0.00000E+00    0.00000E+00    0.83285E-14
    0.14600E+07    0.00000E+00    0.00000E+00    0.00000E+00    0.00000E+00    0.00000E+00    0.85615E-14
    0.14800E+07    0.00000E+00    0.00000E+00    0.00000E+00    0.00000E+00    0.00000E+00    0.87977E-14
    0.15000E+07    0.00000E+00    0.00000E+00    0.00000E+00    0.00000E+00    0.00000E+00    0.90371E-14
    0.15200E+07    0.00000E+00    0.00000E+00    0.00000E+00    0.00000E+00    0.00000E+00    0.92796E-14
    0.15400E+07    0.00000E+00    0.00000E+00    0.00000E+00    0.00000E+00    0.00000E+00    0.95255E-14
    0.15600E+07    0.00000E+00    0.00000E+00    0.00000E+00    0.00000E+00    0.00000E+00    0.97745E-14
    0.15800E+07    0.00000E+00    0.00000E+00    0.00000E+00    0.00000E+00    0.00000E+00    0.10027E-13
    0.16000E+07    0.00000E+00    0.00000E+00    0.00000E+00    0.00000E+00    0.00000E+00    0.10282E-13
    0.16200E+07    0.00000E+00    0.00000E+00    0.00000E+00    0.00000E+00    0.00000E+00    0.10541E-13
    0.16400E+07    0.00000E+00    0.00000E+00    0.00000E+00    0.00000E+00    0.00000E+00    0.10803E-13
    0.16600E+07    0.00000E+00    0.00000E+00    0.00000E+00    0.00000E+00    0.00000E+00    0.11068E-13
    0.16800E+07    0.00000E+00    0.00000E+00    0.00000E+00    0.00000E+00    0.00000E+00    0.11336E-13
    0.17000E+07    0.00000E+00    0.00000E+00    0.00000E+00    0.00000E+00    0.00000E+00    0.11608E-13
    0.17200E+07    0.00000E+00    0.00000E+00    0.00000E+00    0.00000E+00    0.00000E+00    0.11882E-13
    0.17400E+07    0.00000E+00    0.00000E+00    0.00000E+00    0.00000E+00    0.00000E+00    0.12160E-13
    0.17600E+07    0.00000E+00    0.00000E+00    0.00000E+00    0.00000E+00    0.00000E+00    0.12441E-13
    0.17800E+07    0.00000E+00    0.00000E+00    0.00000E+00    0.00000E+00    0.00000E+00    0.12726E-13
    0.18000E+07    0.00000E+00    0.00000E+00    0.00000E+00    0.00000E+00    0.00000E+00    0.13013E-13
    0.18200E+07    0.00000E+00    0.00000E+00    0.00000E+00    0.00000E+00    0.00000E+00    0.13304E-13
    0.18400E+07    0.00000E+00    0.00000E+00    0.00000E+00    0.00000E+00    0.00000E+00    0.13598E-13
    0.18600E+07    0.00000E+00    0.00000E+00    0.00000E+00    0.00000E+00    0.00000E+00    0.13895E-13
    0.18800E+07    0.00000E+00    0.00000E+00    0.00000E+00    0.00000E+00    0.00000E+00    0.14196E-13
    0.19000E+07    0.00000E+00    0.00000E+00    0.00000E+00    0.00000E+00    0.00000E+00    0.14499E-13
    0.19200E+07    0.00000E+00    0.00000E+00    0.00000E+00    0.00000E+00    0.00000E+00    0.14806E-13
    0.19400E+07    0.00000E+00    0.00000E+00    0.00000E+00    0.00000E+00    0.00000E+00    0.15116E-13
    0.19600E+07    0.00000E+00    0.00000E+00    0.00000E+00    0.00000E+00    0.00000E+00    0.15430E-13
    0.19800E+07    0.00000E+00    0.00000E+00    0.00000E+00    0.00000E+00    0.00000E+00    0.15746E-13
    0.20000E+07    0.00000E+00    0.00000E+00    0.00000E+00    0.00000E+00    0.00000E+00    0.16066E-13
    0.20200E+07    0.00000E+00    0.00000E+00    0.00000E+00    0.00000E+00    0.00000E+00    0.16389E-13
    0.20400E+07    0.00000E+00    0.00000E+00    0.00000E+00    0.00000E+00    0.00000E+00    0.16715E-13
    0.20600E+07    0.00000E+00    0.00000E+00    0.00000E+00    0.00000E+00    0.00000E+00    0.17044E-13
    0.20800E+07    0.00000E+00    0.00000E+00    0.00000E+00    0.00000E+00    0.00000E+00    0.17377E-13
    0.21000E+07    0.00000E+00    0.00000E+00    0.00000E+00    0.00000E+00    0.00000E+00    0.17713E-13
    0.21200E+07    0.00000E+00    0.00000E+00    0.00000E+00    0.00000E+00    0.00000E+00    0.18052E-13
    0.21400E+07    0.00000E+00    0.00000E+00    0.00000E+00    0.00000E+00    0.00000E+00    0.18394E-13
    0.21600E+07    0.00000E+00    0.00000E+00    0.00000E+00    0.00000E+00    0.00000E+00    0.18739E-13
    0.21800E+07    0.00000E+00    0.00000E+00    0.00000E+00    0.00000E+00    0.00000E+00    0.19088E-13
    0.22000E+07    0.00000E+00    0.00000E+00    0.00000E+00    0.00000E+00    0.00000E+00    0.19440E-13
    0.22200E+07    0.00000E+00    0.00000E+00    0.00000E+00    0.00000E+00    0.00000E+00    0.19795E-13
    0.22400E+07    0.00000E+00    0.00000E+00    0.00000E+00    0.00000E+00    0.00000E+00    0.20153E-13
    0.22600E+07    0.00000E+00    0.00000E+00    0.00000E+00    0.00000E+00    0.00000E+00    0.20515E-13
    0.22800E+07    0.00000E+00    0.00000E+00    0.00000E+00    0.00000E+00    0.00000E+00    0.20879E-13
    0.23000E+07    0.00000E+00    0.00000E+00    0.00000E+00    0.00000E+00    0.00000E+00    0.21247E-13
    0.23200E+07    0.00000E+00    0.00000E+00    0.00000E+00    0.00000E+00    0.00000E+00    0.21618E-13
    0.23400E+07    0.00000E+00    0.00000E+00    0.00000E+00    0.00000E+00    0.00000E+00    0.21993E-13
    0.23600E+07    0.00000E+00    0.00000E+00    0.00000E+00    0.00000E+00    0.00000E+00    0.22370E-13
    0.23800E+07    0.00000E+00    0.00000E+00    0.00000E+00    0.00000E+00    0.00000E+00    0.22751E-13
    0.24000E+07    0.00000E+00    0.00000E+00    0.00000E+00    0.00000E+00    0.00000E+00    0.23135E-13
    0.24200E+07    0.00000E+00    0.00000E+00    0.00000E+00    0.00000E+00    0.00000E+00    0.23522E-13
    0.24400E+07    0.00000E+00    0.00000E+00    0.00000E+00    0.00000E+00    0.00000E+00    0.23912E-13
    0.24600E+07    0.00000E+00    0.00000E+00    0.00000E+00    0.00000E+00    0.00000E+00    0.24306E-13
    0.24800E+07    0.00000E+00    0.00000E+00    0.00000E+00    0.00000E+00    0.00000E+00    0.24703E-13
    0.25000E+07    0.00000E+00    0.00000E+00    0.00000E+00    0.00000E+00    0.00000E+00    0.25103E-13
    0.25200E+07    0.00000E+00    0.00000E+00    0.00000E+00    0.00000E+00    0.00000E+00    0.25506E-13
    0.25400E+07    0.00000E+00    0.00000E+00    0.00000E+00    0.00000E+00    0.00000E+00    0.25913E-13
    0.25600E+07    0.00000E+00    0.00000E+00    0.00000E+00    0.00000E+00    0.00000E+00    0.26322E-13
    0.25800E+07    0.00000E+00    0.00000E+00    0.00000E+00    0.00000E+00    0.00000E+00    0.26735E-13
    0.26000E+07    0.00000E+00    0.00000E+00    0.00000E+00    0.00000E+00    0.00000E+00    0.27151E-13
    0.26200E+07    0.00000E+00    0.00000E+00    0.00000E+00    0.00000E+00    0.00000E+00    0.27571E-13
    0.26400E+07    0.00000E+00    0.00000E+00    0.00000E+00    0.00000E+00    0.00000E+00    0.27993E-13
    0.26600E+07    0.00000E+00    0.00000E+00    0.00000E+00    0.00000E+00    0.00000E+00    0.28419E-13
    0.26800E+07    0.00000E+00    0.00000E+00    0.00000E+00    0.00000E+00    0.00000E+00    0.28848E-13
    0.27000E+07    0.00000E+00    0.00000E+00    0.00000E+00    0.00000E+00    0.00000E+00    0.29280E-13
    0.27200E+07    0.00000E+00    0.00000E+00    0.00000E+00    0.00000E+00    0.00000E+00    0.29715E-13
    0.27400E+07    0.00000E+00    0.00000E+00    0.00000E+00    0.00000E+00    0.00000E+00    0.30154E-13
    0.27600E+07    0.00000E+00    0.00000E+00    0.00000E+00    0.00000E+00    0.00000E+00    0.30596E-13
    0.27800E+07    0.00000E+00    0.00000E+00    0.00000E+00    0.00000E+00    0.00000E+00    0.31041E-13
    0.28000E+07    0.00000E+00    0.00000E+00    0.00000E+00    0.00000E+00    0.00000E+00    0.31489E-13
    0.28200E+07    0.00000E+00    0.00000E+00    0.00000E+00    0.00000E+00    0.00000E+00    0.31941E-13
    0.28400E+07    0.00000E+00    0.00000E+00    0.00000E+00    0.00000E+00    0.00000E+00    0.32395E-13
    0.28600E+07    0.00000E+00    0.00000E+00    0.00000E+00    0.00000E+00    0.00000E+00    0.32853E-13
    0.28800E+07    0.00000E+00    0.00000E+00    0.00000E+00    0.00000E+00    0.00000E+00    0.33314E-13
    0.29000E+07    0.00000E+00    0.00000E+00    0.00000E+00    0.00000E+00    0.00000E+00    0.33778E-13
    0.29200E+07    0.00000E+00    0.00000E+00    0.00000E+00    0.00000E+00    0.00000E+00    0.34246E-13
    0.29400E+07    0.00000E+00    0.00000E+00    0.00000E+00    0.00000E+00    0.00000E+00    0.34717E-13
    0.29600E+07    0.00000E+00    0.00000E+00    0.00000E+00    0.00000E+00    0.00000E+00    0.35191E-13
    0.29800E+07    0.00000E+00    0.00000E+00    0.00000E+00    0.00000E+00    0.00000E+00    0.35668E-13
    0.30000E+07    0.00000E+00    0.00000E+00    0.00000E+00    0.00000E+00    0.00000E+00    0.36148E-13
    0.30200E+07    0.00000E+00    0.00000E+00    0.00000E+00    0.00000E+00    0.00000E+00    0.36632E-13
    0.30400E+07    0.00000E+00    0.00000E+00    0.00000E+00    0.00000E+00    0.00000E+00    0.37119E-13
    0.30600E+07    0.00000E+00    0.00000E+00    0.00000E+00    0.00000E+00    0.00000E+00    0.37609E-13
    0.30800E+07    0.00000E+00    0.00000E+00    0.00000E+00    0.00000E+00    0.00000E+00    0.38102E-13
    0.31000E+07    0.00000E+00    0.00000E+00    0.00000E+00    0.00000E+00    0.00000E+00    0.38598E-13
    0.31200E+07    0.00000E+00    0.00000E+00    0.00000E+00    0.00000E+00    0.00000E+00    0.39098E-13
    0.31400E+07    0.00000E+00    0.00000E+00    0.00000E+00    0.00000E+00    0.00000E+00    0.39601E-13
    0.31600E+07    0.00000E+00    0.00000E+00    0.00000E+00    0.00000E+00    0.00000E+00    0.40107E-13
    0.31800E+07    0.00000E+00    0.00000E+00    0.00000E+00    0.00000E+00    0.00000E+00    0.40616E-13
    0.32000E+07    0.00000E+00    0.00000E+00    0.00000E+00    0.00000E+00    0.00000E+00    0.41129E-13
    0.32200E+07    0.00000E+00    0.00000E+00    0.00000E+00    0.00000E+00    0.00000E+00    0.41644E-13
    0.32400E+07    0.00000E+00    0.00000E+00    0.00000E+00    0.00000E+00    0.00000E+00    0.42163E-13
    0.32600E+07    0.00000E+00    0.00000E+00    0.00000E+00    0.00000E+00    0.00000E+00    0.42685E-13
    0.32800E+07    0.00000E+00    0.00000E+00    0.00000E+00    0.00000E+00    0.00000E+00    0.43211E-13
    0.33000E+07    0.00000E+00    0.00000E+00    0.00000E+00    0.00000E+00    0.00000E+00    0.43739E-13
    0.33200E+07    0.00000E+00    0.00000E+00    0.00000E+00    0.00000E+00    0.00000E+00    0.44271E-13
    0.33400E+07    0.00000E+00    0.00000E+00    0.00000E+00    0.00000E+00    0.00000E+00    0.44806E-13
    0.33600E+07    0.00000E+00    0.00000E+00    0.00000E+00    0.00000E+00    0.00000E+00    0.45344E-13
    0.33800E+07    0.00000E+00    0.00000E+00    0.00000E+00    0.00000E+00    0.00000E+00    0.45886E-13
    0.34000E+07    0.00000E+00    0.00000E+00    0.00000E+00    0.00000E+00    0.00000E+00    0.46430E-13
    0.34200E+07    0.00000E+00    0.00000E+00    0.00000E+00    0.00000E+00    0.00000E+00    0.46978E-13
    0.34400E+07    0.00000E+00    0.00000E+00    0.00000E+00    0.00000E+00    0.00000E+00    0.47529E-13
    0.34600E+07    0.00000E+00    0.00000E+00    0.00000E+00    0.00000E+00    0.00000E+00    0.48084E-13
    0.34800E+07    0.00000E+00    0.00000E+00    0.00000E+00    0.00000E+00    0.00000E+00    0.48641E-13
    0.34800E+07    0.00000E+00    0.00000E+00    0.00000E+00    0.00000E+00    0.00000E+00    0.48641E-13
    0.34850E+07    0.00000E+00    0.00000E+00    0.00000E+00    0.00000E+00    0.00000E+00    0.48781E-13
    0.34900E+07    0.00000E+00    0.00000E+00    0.00000E+00    0.00000E+00    0.00000E+00    0.48921E-13
    0.34950E+07    0.00000E+00    0.00000E+00    0.00000E+00    0.00000E+00    0.00000E+00    0.49061E-13
    0.35000E+07    0.00000E+00    0.00000E+00    0.00000E+00    0.00000E+00    0.00000E+00    0.49202E-13
    0.35050E+07    0.00000E+00    0.00000E+00    0.00000E+00    0.00000E+00    0.00000E+00    0.49342E-13
    0.35100E+07    0.00000E+00    0.00000E+00    0.00000E+00    0.00000E+00    0.00000E+00    0.49483E-13
    0.35150E+07    0.00000E+00    0.00000E+00    0.00000E+00    0.00000E+00    0.00000E+00    0.49624E-13
    0.35200E+07    0.00000E+00    0.00000E+00    0.00000E+00    0.00000E+00    0.00000E+00    0.49766E-13
    0.35250E+07    0.00000E+00    0.00000E+00    0.00000E+00    0.00000E+00    0.00000E+00    0.49907E-13
    0.35300E+07    0.00000E+00    0.00000E+00    0.00000E+00    0.00000E+00    0.00000E+00    0.50049E-13
    0.35350E+07    0.00000E+00    0.00000E+00    0.00000E+00    0.00000E+00    0.00000E+00    0.50191E-13
    0.35400E+07    0.00000E+00    0.00000E+00    0.00000E+00    0.00000E+00    0.00000E+00    0.50333E-13
    0.35450E+07    0.00000E+00    0.00000E+00    0.00000E+00    0.00000E+00    0.00000E+00    0.50475E-13
    0.35500E+07    0.00000E+00    0.00000E+00    0.00000E+00    0.00000E+00    0.00000E+00    0.50618E-13
    0.35550E+07    0.00000E+00    0.00000E+00    0.00000E+00    0.00000E+00    0.00000E+00    0.50760E-13
    0.35600E+07    0.00000E+00    0.00000E+00    0.00000E+00    0.00000E+00    0.00000E+00    0.50903E-13
    0.35650E+07    0.13699E-30    0.32324E-31    0.12621E-32   -0.32321E-31   -0.19229E-27    0.51046E-13
    0.35700E+07    0.15941E-30    0.37611E-31    0.14682E-32   -0.37607E-31   -0.22361E-27    0.51189E-13
    0.35750E+07    0.18546E-30    0.43754E-31    0.17078E-32   -0.43749E-31   -0.25998E-27    0.51333E-13
    0.35800E+07    0.21571E-30    0.50890E-31    0.19860E-32   -0.50883E-31   -0.30221E-27    0.51477E-13
    0.35850E+07    0.25083E-30    0.59176E-31    0.23091E-32   -0.59168E-31   -0.35124E-27    0.51621E-13
    0.35900E+07    0.29160E-30    0.68796E-31    0.26842E-32   -0.68786E-31   -0.40814E-27    0.51765E-13
    0.35950E+07    0.33891E-30    0.79961E-31    0.31197E-32   -0.79949E-31   -0.47414E-27    0.51909E-13
    0.36000E+07    0.54346E-30    0.12821E-30    0.49819E-32   -0.12820E-30   -0.76019E-27    0.52053E-13
    0.36050E+07    0.63179E-30    0.14905E-30    0.57913E-32   -0.14903E-30   -0.88331E-27    0.52198E-13
    0.36100E+07    0.73430E-30    0.17324E-30    0.67308E-32   -0.17321E-30   -0.10262E-26    0.52343E-13
    0.36150E+07    0.85323E-30    0.20130E-30    0.78211E-32   -0.20127E-30   -0.11918E-26    0.52488E-13
    0.36200E+07    0.99118E-30    0.23386E-30    0.90861E-32   -0.23382E-30   -0.13840E-26    0.52633E-13
    0.36250E+07    0.11512E-29    0.27161E-30    0.10553E-31   -0.27157E-30   -0.16067E-26    0.52779E-13
    0.36300E+07    0.13366E-29    0.31539E-30    0.12255E-31   -0.31534E-30   -0.18648E-26    0.52925E-13
    0.36300E+07    0.13367E-29    0.31539E-30    0.12255E-31   -0.31534E-30   -0.18649E-26    0.52925E-13
    0.36350E+07    0.15524E-29    0.36628E-30    0.14224E-31   -0.36622E-30   -0.21632E-26    0.53070E-13
    0.36400E+07    0.18026E-29    0.42531E-30    0.16507E-31   -0.42524E-30   -0.25089E-26    0.53217E-13
    0.36450E+07    0.20926E-29    0.49376E-30    0.19155E-31   -0.49367E-30   -0.29095E-26    0.53363E-13
    0.36500E+07    0.24287E-29    0.57310E-30    0.22224E-31   -0.57299E-30   -0.33734E-26    0.53509E-13
    0.36550E+07    0.28181E-29    0.66505E-30    0.25780E-31   -0.66492E-30   -0.39106E-26    0.53656E-13
    0.36600E+07    0.32690E-29    0.77156E-30    0.29901E-31   -0.77141E-30   -0.45324E-26    0.53803E-13
    0.36650E+07    0.37913E-29    0.89493E-30    0.34673E-31   -0.89474E-30   -0.52521E-26    0.53950E-13
    0.36700E+07    0.43959E-29    0.10378E-29    0.40200E-31   -0.10375E-29   -0.60846E-26    0.54097E-13
    0.36750E+07    0.50958E-29    0.12031E-29    0.46599E-31   -0.12029E-29   -0.70475E-26    0.54245E-13
    0.36800E+07    0.59057E-29    0.13945E-29    0.54006E-31   -0.13941E-29   -0.81609E-26    0.54393E-13
    0.36850E+07    0.68426E-29    0.16158E-29    0.62576E-31   -0.16155E-29   -0.94480E-26    0.54541E-13
    0.36900E+07    0.79263E-29    0.18719E-29    0.72492E-31   -0.18714E-29   -0.10935E-25    0.54689E-13
    0.36950E+07    0.91794E-29    0.21680E-29    0.83961E-31   -0.21675E-29   -0.12654E-25    0.54837E-13
    0.37000E+07    0.10628E-28    0.25103E-29    0.97223E-31   -0.25097E-29   -0.14639E-25    0.54985E-13
    0.37050E+07    0.12303E-28    0.29059E-29    0.11256E-30   -0.29052E-29   -0.16932E-25    0.55134E-13
    0.37100E+07    0.14238E-28    0.33630E-29    0.13028E-30   -0.33622E-29   -0.19579E-25    0.55283E-13
    0.37150E+07    0.16473E-28    0.38911E-29    0.15076E-30   -0.38901E-29   -0.22634E-25    0.55432E-13
    0.37200E+07    0.19055E-28    0.45010E-29    0.17441E-30   -0.44999E-29   -0.26160E-25    0.55581E-13
    0.37250E+07    0.22036E-28    0.52053E-29    0.20174E-30   -0.52040E-29   -0.30228E-25    0.55731E-13
    0.37300E+07    0.25478E-28    0.60182E-29    0.23329E-30   -0.60167E-29   -0.34920E-25    0.55881E-13
    0.37350E+07    0.29451E-28    0.69565E-29    0.26972E-30   -0.69547E-29   -0.40330E-25    0.56031E-13
    0.37400E+07    0.34035E-28    0.80390E-29    0.31177E-30   -0.80370E-29   -0.46568E-25    0.56181E-13
    0.37450E+07    0.39324E-28    0.92879E-29    0.36029E-30   -0.92855E-29   -0.53758E-25    0.56331E-13
    0.37500E+07    0.45423E-28    0.10728E-28    0.41626E-30   -0.10725E-28   -0.62043E-25    0.56482E-13
    0.37550E+07    0.52457E-28    0.12389E-28    0.48082E-30   -0.12386E-28   -0.71588E-25    0.56632E-13
    0.37600E+07    0.60566E-28    0.14303E-28    0.55527E-30   -0.14299E-28   -0.82582E-25    0.56783E-13
    0.37650E+07    0.69912E-28    0.16510E-28    0.64110E-30   -0.16505E-28   -0.95243E-25    0.56934E-13
    0.37700E+07    0.80682E-28    0.19052E-28    0.74003E-30   -0.19047E-28   -0.10982E-24    0.57086E-13
    0.37750E+07    0.93090E-28    0.21980E-28    0.85403E-30   -0.21974E-28   -0.12660E-24    0.57237E-13
    0.37800E+07    0.10738E-27    0.25353E-28    0.98537E-30   -0.25346E-28   -0.14590E-24    0.57389E-13
    0.37850E+07    0.12384E-27    0.29236E-28    0.11366E-29   -0.29228E-28   -0.16811E-24    0.57541E-13
    0.37900E+07    0.14278E-27    0.33707E-28    0.13108E-29   -0.33698E-28   -0.19366E-24    0.57693E-13
    0.37950E+07    0.16459E-27    0.38852E-28    0.15114E-29   -0.38841E-28   -0.22304E-24    0.57845E-13
    0.38000E+07    0.18969E-27    0.44772E-28    0.17423E-29   -0.44760E-28   -0.25682E-24    0.57998E-13
    0.38050E+07    0.21856E-27    0.51583E-28    0.20079E-29   -0.51569E-28   -0.29564E-24    0.58151E-13
    0.38100E+07    0.25177E-27    0.59416E-28    0.23136E-29   -0.59400E-28   -0.34026E-24    0.58303E-13
    0.38150E+07    0.28996E-27    0.68423E-28    0.26652E-29   -0.68404E-28   -0.39152E-24    0.58457E-13
    0.38200E+07    0.33387E-27    0.78778E-28    0.30695E-29   -0.78756E-28   -0.45041E-24    0.58610E-13
    0.38250E+07    0.38434E-27    0.90679E-28    0.35344E-29   -0.90653E-28   -0.51803E-24    0.58763E-13
    0.38300E+07    0.44234E-27    0.10435E-27    0.40687E-29   -0.10432E-27   -0.59567E-24    0.58917E-13
    0.38350E+07    0.50898E-27    0.12007E-27    0.46828E-29   -0.12003E-27   -0.68480E-24    0.59071E-13
    0.38400E+07    0.58552E-27    0.13811E-27    0.53884E-29   -0.13807E-27   -0.78708E-24    0.59225E-13
    0.38450E+07    0.67343E-27    0.15883E-27    0.61990E-29   -0.15879E-27   -0.90444E-24    0.59380E-13
    0.38500E+07    0.77437E-27    0.18262E-27    0.71299E-29   -0.18257E-27   -0.10391E-23    0.59534E-13
    0.38550E+07    0.89023E-27    0.20993E-27    0.81987E-29   -0.20987E-27   -0.11934E-23    0.59689E-13
    0.38600E+07    0.10232E-26    0.24127E-27    0.94258E-29   -0.24120E-27   -0.13705E-23    0.59844E-13
    0.38650E+07    0.11758E-26    0.27722E-27    0.10834E-28   -0.27714E-27   -0.15734E-23    0.59999E-13
    0.38700E+07    0.13508E-26    0.31846E-27    0.12450E-28   -0.31836E-27   -0.18060E-23    0.60154E-13
    0.38750E+07    0.15516E-26    0.36576E-27    0.14304E-28   -0.36565E-27   -0.20726E-23    0.60310E-13
    0.38800E+07    0.17818E-26    0.41998E-27    0.16430E-28   -0.41985E-27   -0.23779E-23    0.60466E-13
    0.38850E+07    0.20457E-26    0.48214E-27    0.18868E-28   -0.48199E-27   -0.27276E-23    0.60621E-13
    0.38900E+07    0.23481E-26    0.55338E-27    0.21664E-28   -0.55321E-27   -0.31281E-23    0.60778E-13
    0.38950E+07    0.26947E-26    0.63501E-27    0.24868E-28   -0.63481E-27   -0.35866E-23    0.60934E-13
    0.39000E+07    0.30918E-26    0.72851E-27    0.28539E-28   -0.72828E-27   -0.41113E-23    0.61090E-13
    0.39050E+07    0.35466E-26    0.83561E-27    0.32746E-28   -0.83534E-27   -0.47119E-23    0.61247E-13
    0.39100E+07    0.40674E-26    0.95823E-27    0.37564E-28   -0.95793E-27   -0.53989E-23    0.61404E-13
    0.39150E+07    0.46638E-26    0.10986E-26    0.43083E-28   -0.10983E-26   -0.61849E-23    0.61561E-13
    0.39200E+07    0.53463E-26    0.12593E-26    0.49401E-28   -0.12589E-26   -0.70837E-23    0.61719E-13
    0.39250E+07    0.61275E-26    0.14432E-26    0.56634E-28   -0.14427E-26   -0.81113E-23    0.61876E-13
    0.39300E+07    0.70213E-26    0.16535E-26    0.64911E-28   -0.16530E-26   -0.92861E-23    0.62034E-13
    0.39350E+07    0.80437E-26    0.18942E-26    0.74383E-28   -0.18935E-26   -0.10629E-22    0.62192E-13
    0.39400E+07    0.92130E-26    0.21693E-26    0.85219E-28   -0.21686E-26   -0.12163E-22    0.62350E-13
    0.39450E+07    0.10550E-25    0.24839E-26    0.97611E-28   -0.24831E-26   -0.13915E-22    0.62508E-13
    0.39500E+07    0.12079E-25    0.28436E-26    0.11178E-27   -0.28426E-26   -0.15917E-22    0.62667E-13
    0.39550E+07    0.13826E-25    0.32546E-26    0.12799E-27   -0.32535E-26   -0.18203E-22    0.62826E-13
    0.39600E+07    0.15822E-25    0.37242E-26    0.14650E-27   -0.37229E-26   -0.20812E-22    0.62985E-13
    0.39650E+07    0.18103E-25    0.42607E-26    0.16767E-27   -0.42592E-26   -0.23791E-22    0.63144E-13
    0.39700E+07    0.20708E-25    0.48734E-26    0.19185E-27   -0.48717E-26   -0.27190E-22    0.63303E-13
    0.39750E+07    0.23683E-25    0.55730E-26    0.21947E-27   -0.55711E-26   -0.31068E-22    0.63463E-13
    0.39800E+07    0.27079E-25    0.63718E-26    0.25101E-27   -0.63696E-26   -0.35491E-22    0.63622E-13
    0.39850E+07    0.30957E-25    0.72835E-26    0.28703E-27   -0.72809E-26   -0.40536E-22    0.63782E-13
    0.39900E+07    0.35382E-25    0.83239E-26    0.32814E-27   -0.83210E-26   -0.46289E-22    0.63943E-13
    0.39950E+07    0.40431E-25    0.95109E-26    0.37507E-27   -0.95075E-26   -0.52846E-22    0.64103E-13
    0.40000E+07    0.46191E-25    0.10865E-25    0.42862E-27   -0.10861E-25   -0.60320E-22    0.64263E-13
    0.40050E+07    0.52760E-25    0.12409E-25    0.48972E-27   -0.12405E-25   -0.68836E-22    0.64424E-13
    0.40100E+07    0.60251E-25    0.14170E-25    0.55940E-27   -0.14165E-25   -0.78538E-22    0.64585E-13
    0.40150E+07    0.68791E-25    0.16177E-25    0.63887E-27   -0.16171E-25   -0.89590E-22    0.64746E-13
    0.40200E+07    0.78526E-25    0.18465E-25    0.72947E-27   -0.18458E-25   -0.10217E-21    0.64908E-13
    0.40250E+07    0.89619E-25    0.21071E-25    0.83275E-27   -0.21063E-25   -0.11650E-21    0.65069E-13
    0.40300E+07    0.10226E-24    0.24041E-25    0.95046E-27   -0.24032E-25   -0.13281E-21    0.65231E-13
    0.40350E+07    0.11666E-24    0.27424E-25    0.10846E-26   -0.27413E-25   -0.15137E-21    0.65393E-13
    0.40400E+07    0.13305E-24    0.31276E-25    0.12374E-26   -0.31264E-25   -0.17250E-21    0.65555E-13
    0.40450E+07    0.15172E-24    0.35661E-25    0.14114E-26   -0.35648E-25   -0.19652E-21    0.65718E-13
    0.40500E+07    0.17298E-24    0.40654E-25    0.16096E-26   -0.40639E-25   -0.22385E-21    0.65880E-13
    0.40550E+07    0.19717E-24    0.46336E-25    0.18352E-26   -0.46318E-25   -0.25492E-21    0.66043E-13
    0.40600E+07    0.22470E-24    0.52801E-25    0.20920E-26   -0.52781E-25   -0.29025E-21    0.66206E-13
    0.40650E+07    0.25602E-24    0.60156E-25    0.23843E-26   -0.60133E-25   -0.33041E-21    0.66369E-13
    0.40700E+07    0.29165E-24    0.68522E-25    0.27169E-26   -0.68495E-25   -0.37604E-21    0.66532E-13
    0.40750E+07    0.33217E-24    0.78035E-25    0.30952E-26   -0.78004E-25   -0.42789E-21    0.66696E-13
    0.40800E+07    0.37824E-24    0.88850E-25    0.35254E-26   -0.88815E-25   -0.48679E-21    0.66860E-13
    0.40850E+07    0.43061E-24    0.10114E-24    0.40147E-26   -0.10110E-24   -0.55369E-21    0.67024E-13
    0.40900E+07    0.49013E-24    0.11512E-24    0.45710E-26   -0.11507E-24   -0.62964E-21    0.67188E-13
    0.40950E+07    0.55777E-24    0.13099E-24    0.52032E-26   -0.13094E-24   -0.71588E-21    0.67352E-13
    0.41000E+07    0.63461E-24    0.14902E-24    0.59218E-26   -0.14896E-24   -0.81376E-21    0.67517E-13
    0.41050E+07    0.72189E-24    0.16951E-24    0.67382E-26   -0.16944E-24   -0.92484E-21    0.67682E-13
    0.41100E+07    0.82102E-24    0.19277E-24    0.76656E-26   -0.19269E-24   -0.10509E-20    0.67847E-13
    0.41150E+07    0.93356E-24    0.21917E-24    0.87190E-26   -0.21908E-24   -0.11938E-20    0.68012E-13
    0.41200E+07    0.10613E-23    0.24915E-24    0.99150E-26   -0.24904E-24   -0.13559E-20    0.68177E-13
    0.41250E+07    0.12063E-23    0.28317E-24    0.11273E-25   -0.28305E-24   -0.15398E-20    0.68343E-13
    0.41300E+07    0.13709E-23    0.32176E-24    0.12814E-25   -0.32163E-24   -0.17482E-20    0.68508E-13
    0.41350E+07    0.15575E-23    0.36555E-24    0.14563E-25   -0.36539E-24   -0.19844E-20    0.68674E-13
    0.41400E+07    0.17693E-23    0.41521E-24    0.16548E-25   -0.41503E-24   -0.22521E-20    0.68841E-13
    0.41450E+07    0.20094E-23    0.47152E-24    0.18799E-25   -0.47132E-24   -0.25554E-20    0.69007E-13
    0.41500E+07    0.22816E-23    0.53537E-24    0.21353E-25   -0.53513E-24   -0.28989E-20    0.69174E-13
    0.41550E+07    0.25903E-23    0.60773E-24    0.24248E-25   -0.60747E-24   -0.32880E-20    0.69340E-13
    0.41600E+07    0.29400E-23    0.68975E-24    0.27531E-25   -0.68944E-24   -0.37286E-20    0.69507E-13
    0.41650E+07    0.33364E-23    0.78268E-24    0.31252E-25   -0.78233E-24   -0.42273E-20    0.69675E-13
    0.41700E+07    0.37855E-23    0.88795E-24    0.35469E-25   -0.88755E-24   -0.47918E-20    0.69842E-13
    0.41750E+07    0.42941E-23    0.10072E-23    0.40247E-25   -0.10067E-23   -0.54307E-20    0.70010E-13
    0.41800E+07    0.48701E-23    0.11422E-23    0.45659E-25   -0.11417E-23   -0.61535E-20    0.70177E-13
    0.41850E+07    0.55223E-23    0.12951E-23    0.51789E-25   -0.12945E-23   -0.69710E-20    0.70345E-13
    0.41900E+07    0.62606E-23    0.14681E-23    0.58731E-25   -0.14674E-23   -0.78957E-20    0.70514E-13
    0.41950E+07    0.70963E-23    0.16639E-23    0.66591E-25   -0.16631E-23   -0.89413E-20    0.70682E-13
    0.42000E+07    0.80419E-23    0.18855E-23    0.75487E-25   -0.18846E-23   -0.10123E-19    0.70850E-13
    0.42050E+07    0.91117E-23    0.21362E-23    0.85556E-25   -0.21352E-23   -0.11459E-19    0.71019E-13
    0.42100E+07    0.10322E-22    0.24197E-23    0.96948E-25   -0.24185E-23   -0.12969E-19    0.71188E-13
    0.42150E+07    0.11690E-22    0.27403E-23    0.10984E-24   -0.27390E-23   -0.14675E-19    0.71357E-13
    0.42200E+07    0.13238E-22    0.31028E-23    0.12441E-24   -0.31013E-23   -0.16602E-19    0.71527E-13
    0.42250E+07    0.14987E-22    0.35126E-23    0.14090E-24   -0.35109E-23   -0.18778E-19    0.71696E-13
    0.42300E+07    0.16965E-22    0.39757E-23    0.15954E-24   -0.39738E-23   -0.21236E-19    0.71866E-13
    0.42350E+07    0.19199E-22    0.44990E-23    0.18061E-24   -0.44968E-23   -0.24010E-19    0.72036E-13
    0.42400E+07    0.21724E-22    0.50902E-23    0.20442E-24   -0.50877E-23   -0.27142E-19    0.72206E-13
    0.42450E+07    0.24575E-22    0.57580E-23    0.23133E-24   -0.57551E-23   -0.30676E-19    0.72377E-13
    0.42500E+07    0.27796E-22    0.65122E-23    0.26172E-24   -0.65089E-23   -0.34664E-19    0.72547E-13
    0.42550E+07    0.31433E-22    0.73637E-23    0.29606E-24   -0.73599E-23   -0.39162E-19    0.72718E-13
    0.42600E+07    0.35539E-22    0.83249E-23    0.33484E-24   -0.83206E-23   -0.44236E-19    0.72889E-13
    0.42650E+07    0.40173E-22    0.94098E-23    0.37862E-24   -0.94050E-23   -0.49957E-19    0.73060E-13
    0.42700E+07    0.45403E-22    0.10634E-22    0.42805E-24   -0.10629E-22   -0.56408E-19    0.73232E-13
    0.42750E+07    0.51305E-22    0.12015E-22    0.48384E-24   -0.12009E-22   -0.63679E-19    0.73403E-13
    0.42800E+07    0.57962E-22    0.13573E-22    0.54680E-24   -0.13566E-22   -0.71874E-19    0.73575E-13
    0.42850E+07    0.65470E-22    0.15331E-22    0.61783E-24   -0.15323E-22   -0.81108E-19    0.73747E-13
    0.42900E+07    0.73937E-22    0.17312E-22    0.69796E-24   -0.17303E-22   -0.91510E-19    0.73919E-13
    0.42950E+07    0.83484E-22    0.19546E-22    0.78832E-24   -0.19535E-22   -0.10323E-18    0.74092E-13
    0.43000E+07    0.94244E-22    0.22064E-22    0.89022E-24   -0.22052E-22   -0.11642E-18    0.74265E-13
    0.43050E+07    0.10637E-21    0.24901E-22    0.10051E-23   -0.24887E-22   -0.13128E-18    0.74437E-13
    0.43100E+07    0.12004E-21    0.28098E-22    0.11346E-23   -0.28083E-22   -0.14800E-18    0.74610E-13
    0.43150E+07    0.13543E-21    0.31700E-22    0.12805E-23   -0.31682E-22   -0.16682E-18    0.74784E-13
    0.43200E+07    0.15277E-21    0.35756E-22    0.14450E-23   -0.35736E-22   -0.18800E-18    0.74957E-13
    0.43250E+07    0.17230E-21    0.40324E-22    0.16302E-23   -0.40301E-22   -0.21183E-18    0.75131E-13
    0.43300E+07    0.19429E-21    0.45467E-22    0.18389E-23   -0.45441E-22   -0.23864E-18    0.75304E-13
    0.43350E+07    0.21905E-21    0.51256E-22    0.20739E-23   -0.51227E-22   -0.26878E-18    0.75478E-13
    0.43400E+07    0.24691E-21    0.57772E-22    0.23384E-23   -0.57738E-22   -0.30268E-18    0.75653E-13
    0.43450E+07    0.27826E-21    0.65103E-22    0.26362E-23   -0.65065E-22   -0.34079E-18    0.75827E-13
    0.43500E+07    0.31354E-21    0.73351E-22    0.29714E-23   -0.73308E-22   -0.38362E-18    0.76002E-13
    0.43550E+07    0.35322E-21    0.82629E-22    0.33486E-23   -0.82580E-22   -0.43175E-18    0.76176E-13
    0.43600E+07    0.39785E-21    0.93063E-22    0.37730E-23   -0.93007E-22   -0.48583E-18    0.76351E-13
    0.43650E+07    0.44804E-21    0.10479E-21    0.42504E-23   -0.10473E-21   -0.54658E-18    0.76527E-13
    0.43700E+07    0.50446E-21    0.11798E-21    0.47873E-23   -0.11791E-21   -0.61482E-18    0.76702E-13
    0.43750E+07    0.56788E-21    0.13281E-21    0.53910E-23   -0.13273E-21   -0.69144E-18    0.76878E-13
    0.43800E+07    0.63916E-21    0.14947E-21    0.60697E-23   -0.14937E-21   -0.77747E-18    0.77054E-13
    0.43850E+07    0.71925E-21    0.16818E-21    0.68326E-23   -0.16808E-21   -0.87404E-18    0.77230E-13
    0.43900E+07    0.80923E-21    0.18921E-21    0.76899E-23   -0.18909E-21   -0.98241E-18    0.77406E-13
    0.43950E+07    0.91029E-21    0.21283E-21    0.86533E-23   -0.21269E-21   -0.11040E-17    0.77582E-13
    0.44000E+07    0.10238E-20    0.23935E-21    0.97356E-23   -0.23919E-21   -0.12405E-17    0.77759E-13
    0.44050E+07    0.11512E-20    0.26912E-21    0.10951E-22   -0.26895E-21   -0.13935E-17    0.77936E-13
    0.44100E+07    0.12943E-20    0.30254E-21    0.12316E-22   -0.30235E-21   -0.15651E-17    0.78113E-13
    0.44150E+07    0.14548E-20    0.34005E-21    0.13849E-22   -0.33983E-21   -0.17575E-17    0.78290E-13
    0.44200E+07    0.16350E-20    0.38214E-21    0.15570E-22   -0.38189E-21   -0.19733E-17    0.78467E-13
    0.44250E+07    0.18372E-20    0.42936E-21    0.17501E-22   -0.42908E-21   -0.22150E-17    0.78645E-13
    0.44300E+07    0.20640E-20    0.48233E-21    0.19668E-22   -0.48201E-21   -0.24860E-17    0.78823E-13
    0.44350E+07    0.23183E-20    0.54174E-21    0.22100E-22   -0.54137E-21   -0.27896E-17    0.79001E-13
    0.44400E+07    0.26035E-20    0.60835E-21    0.24828E-22   -0.60793E-21   -0.31297E-17    0.79179E-13
    0.44450E+07    0.29233E-20    0.68302E-21    0.27887E-22   -0.68255E-21   -0.35106E-17    0.79357E-13
    0.44500E+07    0.32818E-20    0.76672E-21    0.31318E-22   -0.76619E-21   -0.39371E-17    0.79536E-13
    0.44550E+07    0.36835E-20    0.86053E-21    0.35164E-22   -0.85992E-21   -0.44146E-17    0.79715E-13
    0.44600E+07    0.41337E-20    0.96563E-21    0.39475E-22   -0.96495E-21   -0.49492E-17    0.79894E-13
    0.44650E+07    0.46380E-20    0.10834E-20    0.44308E-22   -0.10826E-20   -0.55474E-17    0.80073E-13
    0.44700E+07    0.52029E-20    0.12152E-20    0.49722E-22   -0.12144E-20   -0.62168E-17    0.80253E-13
    0.44750E+07    0.58356E-20    0.13629E-20    0.55789E-22   -0.13619E-20   -0.69657E-17    0.80432E-13
    0.44800E+07    0.65440E-20    0.15283E-20    0.62584E-22   -0.15272E-20   -0.78035E-17    0.80612E-13
    0.44850E+07    0.73371E-20    0.17134E-20    0.70194E-22   -0.17121E-20   -0.87403E-17    0.80792E-13
    0.44900E+07    0.82247E-20    0.19206E-20    0.78716E-22   -0.19192E-20   -0.97879E-17    0.80972E-13
    0.44950E+07    0.92182E-20    0.21524E-20    0.88257E-22   -0.21508E-20   -0.10959E-16    0.81153E-13
    0.45000E+07    0.10330E-19    0.24118E-20    0.98935E-22   -0.24100E-20   -0.12268E-16    0.81333E-13
    0.45050E+07    0.11573E-19    0.27020E-20    0.11089E-21   -0.26999E-20   -0.13731E-16    0.81514E-13
    0.45100E+07    0.12964E-19    0.30265E-20    0.12426E-21   -0.30242E-20   -0.15365E-16    0.81695E-13
    0.45150E+07    0.14519E-19    0.33894E-20    0.13922E-21   -0.33868E-20   -0.17191E-16    0.81877E-13
    0.45200E+07    0.16259E-19    0.37952E-20    0.15595E-21   -0.37922E-20   -0.19230E-16    0.82058E-13
    0.45250E+07    0.18203E-19    0.42487E-20    0.17467E-21   -0.42454E-20   -0.21508E-16    0.82240E-13
    0.45300E+07    0.20376E-19    0.47556E-20    0.19559E-21   -0.47518E-20   -0.24050E-16    0.82422E-13
    0.45350E+07    0.22804E-19    0.53220E-20    0.21898E-21   -0.53178E-20   -0.26888E-16    0.82604E-13
    0.45400E+07    0.25517E-19    0.59549E-20    0.24513E-21   -0.59500E-20   -0.30056E-16    0.82786E-13
    0.45450E+07    0.28548E-19    0.66617E-20    0.27435E-21   -0.66563E-20   -0.33591E-16    0.82968E-13
    0.45500E+07    0.31933E-19    0.74512E-20    0.30700E-21   -0.74451E-20   -0.37535E-16    0.83151E-13
    0.45550E+07    0.35713E-19    0.83327E-20    0.34347E-21   -0.83258E-20   -0.41935E-16    0.83334E-13
    0.45600E+07    0.39933E-19    0.93169E-20    0.38421E-21   -0.93091E-20   -0.46841E-16    0.83517E-13
    0.45650E+07    0.44644E-19    0.10415E-19    0.42970E-21   -0.10407E-19   -0.52313E-16    0.83700E-13
    0.45700E+07    0.49902E-19    0.11641E-19    0.48049E-21   -0.11632E-19   -0.58413E-16    0.83884E-13
    0.45750E+07    0.55769E-19    0.13009E-19    0.53720E-21   -0.12998E-19   -0.65212E-16    0.84067E-13
    0.45800E+07    0.62315E-19    0.14536E-19    0.60049E-21   -0.14523E-19   -0.72790E-16    0.84251E-13
    0.45850E+07    0.69618E-19    0.16238E-19    0.67112E-21   -0.16224E-19   -0.81233E-16    0.84435E-13
    0.45900E+07    0.77761E-19    0.18137E-19    0.74992E-21   -0.18121E-19   -0.90640E-16    0.84619E-13
    0.45950E+07    0.86843E-19    0.20253E-19    0.83784E-21   -0.20235E-19   -0.10112E-15    0.84804E-13
    0.46000E+07    0.96967E-19    0.22613E-19    0.93589E-21   -0.22593E-19   -0.11279E-15    0.84989E-13
    0.46050E+07    0.10825E-18    0.25244E-19    0.10452E-20   -0.25221E-19   -0.12578E-15    0.85173E-13
    0.46100E+07    0.12083E-18    0.28176E-19    0.11671E-20   -0.28150E-19   -0.14024E-15    0.85358E-13
    0.46150E+07    0.13485E-18    0.31442E-19    0.13030E-20   -0.31413E-19   -0.15634E-15    0.85544E-13
    0.46200E+07    0.15046E-18    0.35081E-19    0.14545E-20   -0.35048E-19   -0.17426E-15    0.85729E-13
    0.46250E+07    0.16785E-18    0.39134E-19    0.16233E-20   -0.39097E-19   -0.19419E-15    0.85915E-13
    0.46300E+07    0.18723E-18    0.43648E-19    0.18114E-20   -0.43607E-19   -0.21637E-15    0.86101E-13
    0.46350E+07    0.20880E-18    0.48674E-19    0.20209E-20   -0.48627E-19   -0.24104E-15    0.86287E-13
    0.46400E+07    0.23281E-18    0.54269E-19    0.22543E-20   -0.54217E-19   -0.26847E-15    0.86473E-13
    0.46450E+07    0.25954E-18    0.60497E-19    0.25141E-20   -0.60438E-19   -0.29897E-15    0.86660E-13
    0.46500E+07    0.28929E-18    0.67427E-19    0.28034E-20   -0.67361E-19   -0.33287E-15    0.86846E-13
    0.46550E+07    0.32239E-18    0.75138E-19    0.31255E-20   -0.75064E-19   -0.37055E-15    0.87033E-13
    0.46600E+07    0.35921E-18    0.83717E-19    0.34840E-20   -0.83633E-19   -0.41243E-15    0.87220E-13
    0.46650E+07    0.40017E-18    0.93258E-19    0.38829E-20   -0.93164E-19   -0.45895E-15    0.87408E-13
    0.46700E+07    0.44573E-18    0.10387E-18    0.43267E-20   -0.10376E-18   -0.51064E-15    0.87595E-13
    0.46750E+07    0.49638E-18    0.11567E-18    0.48204E-20   -0.11555E-18   -0.56804E-15    0.87783E-13
    0.46800E+07    0.55269E-18    0.12878E-18    0.53695E-20   -0.12865E-18   -0.63178E-15    0.87971E-13
    0.46850E+07    0.61529E-18    0.14336E-18    0.59802E-20   -0.14321E-18   -0.70255E-15    0.88159E-13
    0.46900E+07    0.68485E-18    0.15956E-18    0.66591E-20   -0.15939E-18   -0.78111E-15    0.88347E-13
    0.46950E+07    0.76214E-18    0.17756E-18    0.74138E-20   -0.17737E-18   -0.86829E-15    0.88536E-13
    0.47000E+07    0.84801E-18    0.19755E-18    0.82526E-20   -0.19734E-18   -0.96504E-15    0.88724E-13
    0.47050E+07    0.94339E-18    0.21976E-18    0.91848E-20   -0.21952E-18   -0.10724E-14    0.88913E-13
    0.47100E+07    0.10493E-17    0.24443E-18    0.10220E-19   -0.24416E-18   -0.11914E-14    0.89102E-13
    0.47150E+07    0.11669E-17    0.27181E-18    0.11371E-19   -0.27151E-18   -0.13235E-14    0.89292E-13
    0.47200E+07    0.12975E-17    0.30221E-18    0.12649E-19   -0.30187E-18   -0.14699E-14    0.89481E-13
    0.47250E+07    0.14424E-17    0.33595E-18    0.14068E-19   -0.33557E-18   -0.16322E-14    0.89671E-13
    0.47300E+07    0.16032E-17    0.37339E-18    0.15643E-19   -0.37297E-18   -0.18122E-14    0.89861E-13
    0.47350E+07    0.17817E-17    0.41494E-18    0.17392E-19   -0.41446E-18   -0.20116E-14    0.90051E-13
    0.47400E+07    0.19797E-17    0.46102E-18    0.19333E-19   -0.46048E-18   -0.22326E-14    0.90242E-13
    0.47450E+07    0.21993E-17    0.51214E-18    0.21487E-19   -0.51153E-18   -0.24774E-14    0.90432E-13
    0.47500E+07    0.24428E-17    0.56882E-18    0.23878E-19   -0.56814E-18   -0.27485E-14    0.90623E-13
    0.47550E+07    0.27128E-17    0.63167E-18    0.26529E-19   -0.63091E-18   -0.30488E-14    0.90814E-13
    0.47600E+07    0.30122E-17    0.70134E-18    0.29469E-19   -0.70049E-18   -0.33813E-14    0.91005E-13
    0.47650E+07    0.33440E-17    0.77857E-18    0.32730E-19   -0.77761E-18   -0.37495E-14    0.91197E-13
    0.47700E+07    0.37117E-17    0.86414E-18    0.36346E-19   -0.86307E-18   -0.41569E-14    0.91389E-13
    0.47750E+07    0.41191E-17    0.95895E-18    0.40354E-19   -0.95775E-18   -0.46078E-14    0.91581E-13
    0.47800E+07    0.45704E-17    0.10640E-17    0.44796E-19   -0.10626E-17   -0.51067E-14    0.91773E-13
    0.47850E+07    0.50703E-17    0.11803E-17    0.49719E-19   -0.11788E-17   -0.56586E-14    0.91965E-13
    0.47900E+07    0.56239E-17    0.13091E-17    0.55173E-19   -0.13075E-17   -0.62691E-14    0.92158E-13
    0.47950E+07    0.62369E-17    0.14518E-17    0.61215E-19   -0.14499E-17   -0.69442E-14    0.92351E-13
    0.48000E+07    0.69155E-17    0.16097E-17    0.67907E-19   -0.16076E-17   -0.76906E-14    0.92544E-13
    0.48050E+07    0.76667E-17    0.17844E-17    0.75318E-19   -0.17821E-17   -0.85158E-14    0.92737E-13
    0.48100E+07    0.84979E-17    0.19778E-17    0.83524E-19   -0.19752E-17   -0.94278E-14    0.92931E-13
    0.48150E+07    0.94176E-17    0.21918E-17    0.92607E-19   -0.21888E-17   -0.10436E-13    0.93125E-13
    0.48200E+07    0.10435E-16    0.24285E-17    0.10266E-18   -0.24252E-17   -0.11549E-13    0.93319E-13
    0.48250E+07    0.11560E-16    0.26903E-17    0.11379E-18   -0.26866E-17   -0.12779E-13    0.93513E-13
    0.48300E+07    0.12805E-16    0.29798E-17    0.12610E-18   -0.29757E-17   -0.14138E-13    0.93708E-13
    0.48350E+07    0.14181E-16    0.33000E-17    0.13971E-18   -0.32953E-17   -0.15638E-13    0.93903E-13
    0.48400E+07    0.15702E-16    0.36538E-17    0.15478E-18   -0.36486E-17   -0.17295E-13    0.94098E-13
    0.48450E+07    0.17383E-16    0.40449E-17    0.17143E-18   -0.40391E-17   -0.19124E-13    0.94294E-13
    0.48500E+07    0.19242E-16    0.44771E-17    0.18985E-18   -0.44706E-17   -0.21142E-13    0.94490E-13
    0.48550E+07    0.21295E-16    0.49547E-17    0.21021E-18   -0.49474E-17   -0.23369E-13    0.94686E-13
    0.48600E+07    0.23562E-16    0.54822E-17    0.23271E-18   -0.54740E-17   -0.25826E-13    0.94883E-13
    0.48650E+07    0.26067E-16    0.60648E-17    0.25758E-18   -0.60557E-17   -0.28536E-13    0.95079E-13
    0.48700E+07    0.28834E-16    0.67082E-17    0.28505E-18   -0.66980E-17   -0.31526E-13    0.95277E-13
    0.48750E+07    0.31888E-16    0.74186E-17    0.31540E-18   -0.74072E-17   -0.34822E-13    0.95474E-13
    0.48800E+07    0.35260E-16    0.82028E-17    0.34893E-18   -0.81901E-17   -0.38456E-13    0.95672E-13
    0.48850E+07    0.38981E-16    0.90683E-17    0.38595E-18   -0.90541E-17   -0.42461E-13    0.95871E-13
    0.48900E+07    0.43088E-16    0.10023E-16    0.42683E-18   -0.10008E-16   -0.46876E-13    0.96070E-13
    0.48950E+07    0.47619E-16    0.11077E-16    0.47196E-18   -0.11059E-16   -0.51741E-13    0.96269E-13
    0.49000E+07    0.52618E-16    0.12240E-16    0.52177E-18   -0.12220E-16   -0.57100E-13    0.96469E-13
    0.49050E+07    0.58132E-16    0.13522E-16    0.57673E-18   -0.13500E-16   -0.63003E-13    0.96670E-13
    0.49100E+07    0.64212E-16    0.14936E-16    0.63738E-18   -0.14911E-16   -0.69504E-13    0.96871E-13
    0.49150E+07    0.70915E-16    0.16495E-16    0.70429E-18   -0.16467E-16   -0.76662E-13    0.97072E-13
    0.49200E+07    0.78305E-16    0.18213E-16    0.77808E-18   -0.18182E-16   -0.84543E-13    0.97275E-13
    0.49250E+07    0.86450E-16    0.20107E-16    0.85946E-18   -0.20073E-16   -0.93216E-13    0.97478E-13
    0.49300E+07    0.95425E-16    0.22195E-16    0.94919E-18   -0.22156E-16   -0.10276E-12    0.97681E-13
    0.49350E+07    0.10531E-15    0.24494E-16    0.10481E-17   -0.24451E-16   -0.11327E-12    0.97886E-13
    0.49400E+07    0.11621E-15    0.27027E-16    0.11571E-17   -0.26979E-16   -0.12482E-12    0.98091E-13
    0.49450E+07    0.12821E-15    0.29817E-16    0.12773E-17   -0.29764E-16   -0.13753E-12    0.98297E-13
    0.49500E+07    0.14142E-15    0.32890E-16    0.14097E-17   -0.32830E-16   -0.15150E-12    0.98504E-13
    0.49550E+07    0.15597E-15    0.36273E-16    0.15555E-17   -0.36206E-16   -0.16687E-12    0.98713E-13
    0.49600E+07    0.17198E-15    0.39996E-16    0.17162E-17   -0.39922E-16   -0.18376E-12    0.98922E-13
    0.49650E+07    0.18961E-15    0.44095E-16    0.18931E-17   -0.44012E-16   -0.20233E-12    0.99133E-13
    0.49700E+07    0.20900E-15    0.48605E-16    0.20879E-17   -0.48512E-16   -0.22273E-12    0.99345E-13
    0.49750E+07    0.23034E-15    0.53567E-16    0.23023E-17   -0.53464E-16   -0.24514E-12    0.99558E-13
    0.49800E+07    0.25381E-15    0.59025E-16    0.25383E-17   -0.58910E-16   -0.26976E-12    0.99773E-13
    0.49850E+07    0.27963E-15    0.65028E-16    0.27981E-17   -0.64900E-16   -0.29680E-12    0.99990E-13
    0.49900E+07    0.30802E-15    0.71629E-16    0.30839E-17   -0.71487E-16   -0.32650E-12    0.10021E-12
    0.49950E+07    0.33923E-15    0.78887E-16    0.33983E-17   -0.78728E-16   -0.35909E-12    0.10043E-12
    0.50000E+07    0.37354E-15    0.86865E-16    0.37441E-17   -0.86688E-16   -0.39488E-12    0.10065E-12
    0.50050E+07    0.41125E-15    0.95634E-16    0.41244E-17   -0.95437E-16   -0.43415E-12    0.10088E-12
    0.50100E+07    0.45268E-15    0.10527E-15    0.45425E-17   -0.10505E-15   -0.47724E-12    0.10110E-12
    0.50150E+07    0.49821E-15    0.11585E-15    0.50022E-17   -0.11561E-15   -0.52452E-12    0.10133E-12
    0.50200E+07    0.54821E-15    0.12748E-15    0.55074E-17   -0.12721E-15   -0.57637E-12    0.10157E-12
    0.50250E+07    0.60313E-15    0.14025E-15    0.60626E-17   -0.13995E-15   -0.63323E-12    0.10181E-12
    0.50300E+07    0.66343E-15    0.15428E-15    0.66727E-17   -0.15394E-15   -0.69558E-12    0.10205E-12
    0.50350E+07    0.72964E-15    0.16967E-15    0.73428E-17   -0.16930E-15   -0.76392E-12    0.10229E-12
    0.50400E+07    0.80231E-15    0.18657E-15    0.80789E-17   -0.18615E-15   -0.83884E-12    0.10254E-12
    0.50450E+07    0.88206E-15    0.20512E-15    0.88872E-17   -0.20465E-15   -0.92094E-12    0.10279E-12
    0.50500E+07    0.96957E-15    0.22547E-15    0.97747E-17   -0.22495E-15   -0.10109E-11    0.10305E-12
    0.50550E+07    0.10656E-14    0.24780E-15    0.10749E-16   -0.24722E-15   -0.11094E-11    0.10332E-12
    0.50600E+07    0.11709E-14    0.27229E-15    0.11818E-16   -0.27165E-15   -0.12173E-11    0.10359E-12
    0.50650E+07    0.12864E-14    0.29915E-15    0.12992E-16   -0.29844E-15   -0.13355E-11    0.10386E-12
    0.50700E+07    0.14130E-14    0.32860E-15    0.14279E-16   -0.32781E-15   -0.14648E-11    0.10415E-12
    0.50750E+07    0.15518E-14    0.36089E-15    0.15692E-16   -0.36001E-15   -0.16064E-11    0.10444E-12
    0.50800E+07    0.17040E-14    0.39628E-15    0.17241E-16   -0.39530E-15   -0.17614E-11    0.10474E-12
    0.50850E+07    0.18707E-14    0.43506E-15    0.18940E-16   -0.43397E-15   -0.19310E-11    0.10505E-12
    0.50900E+07    0.20534E-14    0.47756E-15    0.20802E-16   -0.47635E-15   -0.21165E-11    0.10537E-12
    0.50950E+07    0.22535E-14    0.52411E-15    0.22844E-16   -0.52277E-15   -0.23194E-11    0.10571E-12
    0.51000E+07    0.24727E-14    0.57511E-15    0.25081E-16   -0.57361E-15   -0.25413E-11    0.10605E-12
    0.51050E+07    0.27127E-14    0.63095E-15    0.27534E-16   -0.62929E-15   -0.27839E-11    0.10641E-12
    0.51100E+07    0.29755E-14    0.69209E-15    0.30220E-16   -0.69025E-15   -0.30491E-11    0.10678E-12
    0.51150E+07    0.32632E-14    0.75902E-15    0.33163E-16   -0.75697E-15   -0.33389E-11    0.10717E-12
    0.51200E+07    0.35781E-14    0.83228E-15    0.36386E-16   -0.83000E-15   -0.36556E-11    0.10758E-12
    0.51250E+07    0.39226E-14    0.91245E-15    0.39915E-16   -0.90992E-15   -0.40016E-11    0.10800E-12
    0.51300E+07    0.42995E-14    0.10002E-14    0.43779E-16   -0.99735E-15   -0.43796E-11    0.10845E-12
    0.51350E+07    0.47118E-14    0.10961E-14    0.48009E-16   -0.10930E-14   -0.47923E-11    0.10892E-12
    0.51400E+07    0.51628E-14    0.12010E-14    0.52638E-16   -0.11976E-14   -0.52430E-11    0.10941E-12
    0.51450E+07    0.56558E-14    0.13158E-14    0.57703E-16   -0.13120E-14   -0.57350E-11    0.10993E-12
    0.51500E+07    0.61948E-14    0.14412E-14    0.63244E-16   -0.14370E-14   -0.62720E-11    0.11048E-12
    0.51550E+07    0.67840E-14    0.15784E-14    0.69305E-16   -0.15737E-14   -0.68580E-11    0.11107E-12
    0.51600E+07    0.74278E-14    0.17283E-14    0.75934E-16   -0.17230E-14   -0.74973E-11    0.11168E-12
    0.51650E+07    0.81313E-14    0.18920E-14    0.83181E-16   -0.18862E-14   -0.81947E-11    0.11234E-12
    0.51700E+07    0.88998E-14    0.20709E-14    0.91105E-16   -0.20645E-14   -0.89553E-11    0.11304E-12
    0.51750E+07    0.97391E-14    0.22664E-14    0.99765E-16   -0.22592E-14   -0.97846E-11    0.11378E-12
    0.51800E+07    0.10656E-13    0.24798E-14    0.10923E-15   -0.24718E-14   -0.10689E-10    0.11457E-12
    0.51850E+07    0.11656E-13    0.27128E-14    0.11957E-15   -0.27040E-14   -0.11674E-10    0.11541E-12
    0.51900E+07    0.12749E-13    0.29672E-14    0.13087E-15   -0.29574E-14   -0.12748E-10    0.11632E-12
    0.51950E+07    0.13941E-13    0.32448E-14    0.14320E-15   -0.32340E-14   -0.13918E-10    0.11728E-12
    0.52000E+07    0.15242E-13    0.35478E-14    0.15668E-15   -0.35358E-14   -0.15192E-10    0.11832E-12
    0.52050E+07    0.16661E-13    0.38784E-14    0.17139E-15   -0.38651E-14   -0.16580E-10    0.11943E-12
    0.52100E+07    0.18209E-13    0.42390E-14    0.18744E-15   -0.42243E-14   -0.18092E-10    0.12062E-12
    0.52150E+07    0.19897E-13    0.46323E-14    0.20497E-15   -0.46160E-14   -0.19737E-10    0.12191E-12
    0.52200E+07    0.21737E-13    0.50611E-14    0.22409E-15   -0.50430E-14   -0.21528E-10    0.12328E-12
    0.52250E+07    0.23743E-13    0.55287E-14    0.24495E-15   -0.55086E-14   -0.23476E-10    0.12477E-12
    0.52300E+07    0.25930E-13    0.60383E-14    0.26770E-15   -0.60161E-14   -0.25596E-10    0.12637E-12
    0.52350E+07    0.28313E-13    0.65937E-14    0.29252E-15   -0.65691E-14   -0.27903E-10    0.12809E-12
    0.52400E+07    0.30909E-13    0.71988E-14    0.31958E-15   -0.71716E-14   -0.30411E-10    0.12995E-12
    0.52450E+07    0.33736E-13    0.78581E-14    0.34907E-15   -0.78279E-14   -0.33137E-10    0.13195E-12
    0.52500E+07    0.36815E-13    0.85760E-14    0.38122E-15   -0.85427E-14   -0.36102E-10    0.13412E-12
    0.52550E+07    0.40168E-13    0.93579E-14    0.41626E-15   -0.93209E-14   -0.39323E-10    0.13645E-12
    0.52600E+07    0.43818E-13    0.10209E-13    0.45442E-15   -0.10168E-13   -0.42825E-10    0.13898E-12
    0.52650E+07    0.47790E-13    0.11136E-13    0.49600E-15   -0.11091E-13   -0.46628E-10    0.14170E-12
    0.52700E+07    0.52113E-13    0.12144E-13    0.54128E-15   -0.12094E-13   -0.50760E-10    0.14465E-12
    0.52750E+07    0.56816E-13    0.13242E-13    0.59059E-15   -0.13186E-13   -0.55246E-10    0.14784E-12
    0.52800E+07    0.61931E-13    0.14435E-13    0.64427E-15   -0.14374E-13   -0.60117E-10    0.15129E-12
    0.52850E+07    0.67494E-13    0.15734E-13    0.70269E-15   -0.15666E-13   -0.65404E-10    0.15503E-12
    0.52900E+07    0.73542E-13    0.17146E-13    0.76627E-15   -0.17070E-13   -0.71142E-10    0.15907E-12
    0.52950E+07    0.80117E-13    0.18681E-13    0.83545E-15   -0.18598E-13   -0.77367E-10    0.16344E-12
    0.53000E+07    0.87263E-13    0.20349E-13    0.91070E-15   -0.20257E-13   -0.84121E-10    0.16817E-12
    0.53050E+07    0.95028E-13    0.22163E-13    0.99254E-15   -0.22061E-13   -0.91445E-10    0.17329E-12
    0.53100E+07    0.10346E-12    0.24133E-13    0.10815E-14   -0.24021E-13   -0.99387E-10    0.17883E-12
    0.53150E+07    0.11263E-12    0.26274E-13    0.11783E-14   -0.26150E-13   -0.10800E-09    0.18484E-12
    0.53200E+07    0.12258E-12    0.28599E-13    0.12834E-14   -0.28461E-13   -0.11733E-09    0.19133E-12
    0.53250E+07    0.13338E-12    0.31124E-13    0.13977E-14   -0.30972E-13   -0.12744E-09    0.19836E-12
    0.53300E+07    0.14510E-12    0.33865E-13    0.15219E-14   -0.33697E-13   -0.13839E-09    0.20598E-12
    0.53350E+07    0.15783E-12    0.36840E-13    0.16567E-14   -0.36655E-13   -0.15026E-09    0.21422E-12
    0.53400E+07    0.17164E-12    0.40069E-13    0.18032E-14   -0.39864E-13   -0.16311E-09    0.22314E-12
    0.53450E+07    0.18662E-12    0.43572E-13    0.19622E-14   -0.43346E-13   -0.17701E-09    0.23280E-12
    0.53500E+07    0.20286E-12    0.47373E-13    0.21349E-14   -0.47123E-13   -0.19207E-09    0.24325E-12
    0.53550E+07    0.22047E-12    0.51495E-13    0.23223E-14   -0.51219E-13   -0.20836E-09    0.25456E-12
    0.53600E+07    0.23957E-12    0.55964E-13    0.25257E-14   -0.55659E-13   -0.22599E-09    0.26680E-12
    0.53650E+07    0.26027E-12    0.60810E-13    0.27463E-14   -0.60473E-13   -0.24505E-09    0.28004E-12
    0.53700E+07    0.28269E-12    0.66061E-13    0.29856E-14   -0.65690E-13   -0.26567E-09    0.29437E-12
    0.53750E+07    0.30699E-12    0.71753E-13    0.32451E-14   -0.71342E-13   -0.28796E-09    0.30987E-12
    0.53800E+07    0.33330E-12    0.77918E-13    0.35265E-14   -0.77465E-13   -0.31205E-09    0.32663E-12
    0.53850E+07    0.36180E-12    0.84597E-13    0.38315E-14   -0.84097E-13   -0.33808E-09    0.34476E-12
    0.53900E+07    0.39265E-12    0.91829E-13    0.41621E-14   -0.91277E-13   -0.36621E-09    0.36436E-12
    0.53950E+07    0.42605E-12    0.99660E-13    0.45202E-14   -0.99051E-13   -0.39659E-09    0.38555E-12
    0.54000E+07    0.46219E-12    0.10814E-12    0.49082E-14   -0.10746E-12   -0.42940E-09    0.40845E-12
    0.54050E+07    0.50129E-12    0.11731E-12    0.53285E-14   -0.11657E-12   -0.46481E-09    0.43321E-12
    0.54100E+07    0.54358E-12    0.12724E-12    0.57835E-14   -0.12642E-12   -0.50304E-09    0.45995E-12
    0.54150E+07    0.58931E-12    0.13797E-12    0.62761E-14   -0.13707E-12   -0.54429E-09    0.48884E-12
    0.54200E+07    0.63876E-12    0.14958E-12    0.68093E-14   -0.14859E-12   -0.58879E-09    0.52005E-12
    0.54250E+07    0.69221E-12    0.16214E-12    0.73862E-14   -0.16104E-12   -0.63678E-09    0.55375E-12
    0.54300E+07    0.74996E-12    0.17571E-12    0.80104E-14   -0.17450E-12   -0.68853E-09    0.59014E-12
    0.54350E+07    0.81237E-12    0.19038E-12    0.86855E-14   -0.18905E-12   -0.74432E-09    0.62941E-12
    0.54400E+07    0.87977E-12    0.20623E-12    0.94156E-14   -0.20476E-12   -0.80444E-09    0.67180E-12
    0.54450E+07    0.95256E-12    0.22335E-12    0.10205E-13   -0.22173E-12   -0.86922E-09    0.71754E-12
    0.54500E+07    0.10311E-11    0.24185E-12    0.11058E-13   -0.24006E-12   -0.93900E-09    0.76688E-12
    0.54550E+07    0.11160E-11    0.26182E-12    0.11980E-13   -0.25985E-12   -0.10141E-08    0.82009E-12
    0.54600E+07    0.12075E-11    0.28337E-12    0.12976E-13   -0.28120E-12   -0.10950E-08    0.87747E-12
    0.54650E+07    0.13062E-11    0.30664E-12    0.14051E-13   -0.30424E-12   -0.11821E-08    0.93932E-12
    0.54700E+07    0.14127E-11    0.33174E-12    0.15213E-13   -0.32910E-12   -0.12758E-08    0.10060E-11
    0.54750E+07    0.15276E-11    0.35882E-12    0.16467E-13   -0.35591E-12   -0.13766E-08    0.10778E-11
    0.54800E+07    0.16514E-11    0.38803E-12    0.17821E-13   -0.38483E-12   -0.14850E-08    0.11552E-11
    0.54850E+07    0.17848E-11    0.41952E-12    0.19281E-13   -0.41599E-12   -0.16015E-08    0.12385E-11
    0.54900E+07    0.19286E-11    0.45346E-12    0.20857E-13   -0.44958E-12   -0.17268E-08    0.13283E-11
    0.54950E+07    0.20834E-11    0.49004E-12    0.22556E-13   -0.48577E-12   -0.18614E-08    0.14249E-11
    0.55000E+07    0.22502E-11    0.52946E-12    0.24389E-13   -0.52475E-12   -0.20061E-08    0.15288E-11
    0.55050E+07    0.24297E-11    0.57191E-12    0.26364E-13   -0.56673E-12   -0.21614E-08    0.16406E-11
    0.55100E+07    0.26230E-11    0.61764E-12    0.28493E-13   -0.61193E-12   -0.23281E-08    0.17609E-11
    0.55150E+07    0.28309E-11    0.66686E-12    0.30787E-13   -0.66058E-12   -0.25071E-08    0.18903E-11
    0.55200E+07    0.30546E-11    0.71984E-12    0.33258E-13   -0.71293E-12   -0.26992E-08    0.20293E-11
    0.55250E+07    0.32952E-11    0.77686E-12    0.35919E-13   -0.76925E-12   -0.29052E-08    0.21788E-11
    0.55300E+07    0.35538E-11    0.83818E-12    0.38784E-13   -0.82981E-12   -0.31261E-08    0.23394E-11
    0.55350E+07    0.38319E-11    0.90415E-12    0.41868E-13   -0.89494E-12   -0.33630E-08    0.25119E-11
    0.55400E+07    0.41306E-11    0.97507E-12    0.45186E-13   -0.96494E-12   -0.36169E-08    0.26971E-11
    0.55450E+07    0.44516E-11    0.10513E-11    0.48756E-13   -0.10402E-11   -0.38889E-08    0.28959E-11
    0.55500E+07    0.47963E-11    0.11332E-11    0.52595E-13   -0.11210E-11   -0.41802E-08    0.31093E-11
    0.55550E+07    0.51663E-11    0.12213E-11    0.56723E-13   -0.12078E-11   -0.44922E-08    0.33383E-11
    0.55600E+07    0.55635E-11    0.13158E-11    0.61160E-13   -0.13010E-11   -0.48261E-08    0.35839E-11
    0.55650E+07    0.59897E-11    0.14173E-11    0.65927E-13   -0.14010E-11   -0.51834E-08    0.38472E-11
    0.55700E+07    0.64469E-11    0.15263E-11    0.71049E-13   -0.15083E-11   -0.55657E-08    0.41295E-11
    0.55750E+07    0.69394E-11    0.16436E-11    0.76546E-13   -0.16238E-11   -0.59688E-08    0.44319E-11
    0.55800E+07    0.74675E-11    0.17694E-11    0.82452E-13   -0.17476E-11   -0.63995E-08    0.47558E-11
    0.55800E+07    0.74675E-11    0.17694E-11    0.82452E-13   -0.17476E-11   -0.63995E-08    0.47558E-11
    0.55850E+07    0.80453E-11    0.19084E-11    0.88674E-13   -0.18838E-11   -0.68871E-08    0.51116E-11
    0.55900E+07    0.86657E-11    0.20581E-11    0.95371E-13   -0.20306E-11   -0.74123E-08    0.54932E-11
    0.55950E+07    0.93314E-11    0.22193E-11    0.10258E-12   -0.21885E-11   -0.79775E-08    0.59022E-11
    0.56000E+07    0.10046E-10    0.23927E-11    0.11032E-12   -0.23583E-11   -0.85856E-08    0.63404E-11
    0.56050E+07    0.10812E-10    0.25793E-11    0.11865E-12   -0.25410E-11   -0.92394E-08    0.68098E-11
    0.56100E+07    0.11633E-10    0.27799E-11    0.12761E-12   -0.27373E-11   -0.99421E-08    0.73123E-11
    0.56150E+07    0.12513E-10    0.29954E-11    0.13722E-12   -0.29482E-11   -0.10697E-07    0.78501E-11
    0.56200E+07    0.13456E-10    0.32269E-11    0.14755E-12   -0.31747E-11   -0.11507E-07    0.84255E-11
    0.56250E+07    0.14466E-10    0.34754E-11    0.15864E-12   -0.34177E-11   -0.12376E-07    0.90410E-11
    0.56300E+07    0.15547E-10    0.37421E-11    0.17053E-12   -0.36784E-11   -0.13308E-07    0.96990E-11
    0.56350E+07    0.16704E-10    0.40281E-11    0.18330E-12   -0.39580E-11   -0.14307E-07    0.10402E-10
    0.56400E+07    0.17942E-10    0.43348E-11    0.19698E-12   -0.42576E-11   -0.15378E-07    0.11153E-10
    0.56450E+07    0.19265E-10    0.46634E-11    0.21165E-12   -0.45786E-11   -0.16524E-07    0.11955E-10
    0.56500E+07    0.20681E-10    0.50155E-11    0.22737E-12   -0.49223E-11   -0.17751E-07    0.12812E-10
    0.56550E+07    0.22193E-10    0.53925E-11    0.24421E-12   -0.52902E-11   -0.19063E-07    0.13725E-10
    0.56600E+07    0.23808E-10    0.57961E-11    0.26223E-12   -0.56838E-11   -0.20467E-07    0.14700E-10
    0.56650E+07    0.25533E-10    0.62278E-11    0.28153E-12   -0.61047E-11   -0.21967E-07    0.15739E-10
    0.56700E+07    0.27375E-10    0.66894E-11    0.30217E-12   -0.65546E-11   -0.23569E-07    0.16846E-10
    0.56750E+07    0.29339E-10    0.71829E-11    0.32425E-12   -0.70353E-11   -0.25280E-07    0.18025E-10
    0.56800E+07    0.31434E-10    0.77101E-11    0.34785E-12   -0.75487E-11   -0.27105E-07    0.19280E-10
    0.56850E+07    0.33668E-10    0.82732E-11    0.37307E-12   -0.80966E-11   -0.29053E-07    0.20617E-10
    0.56900E+07    0.36048E-10    0.88744E-11    0.40001E-12   -0.86814E-11   -0.31129E-07    0.22038E-10
    0.56950E+07    0.38583E-10    0.95159E-11    0.42878E-12   -0.93050E-11   -0.33342E-07    0.23550E-10
    0.57000E+07    0.41282E-10    0.10200E-10    0.45949E-12   -0.99699E-11   -0.35699E-07    0.25156E-10
    0.57050E+07    0.44155E-10    0.10930E-10    0.49225E-12   -0.10678E-10   -0.38208E-07    0.26863E-10
    0.57100E+07    0.47210E-10    0.11707E-10    0.52718E-12   -0.11433E-10   -0.40878E-07    0.28675E-10
    0.57149E+07    0.50413E-10    0.12523E-10    0.56390E-12   -0.12225E-10   -0.43677E-07    0.30571E-10
    0.57199E+07    0.53814E-10    0.13392E-10    0.60298E-12   -0.13066E-10   -0.46650E-07    0.32580E-10
    0.57199E+07    0.65834E-10    0.16249E-10    0.51413E-12   -0.14968E-10   -0.49930E-07    0.40694E-10
    0.57200E+07    0.65951E-10    0.16289E-10    0.51567E-12   -0.15009E-10   -0.50080E-07    0.40757E-10
    0.57250E+07    0.70363E-10    0.17774E-10    0.57352E-12   -0.16523E-10   -0.55643E-07    0.43135E-10
    0.57300E+07    0.75079E-10    0.19320E-10    0.63490E-12   -0.18092E-10   -0.61407E-07    0.45681E-10
    0.57350E+07    0.80107E-10    0.20928E-10    0.70001E-12   -0.19717E-10   -0.67377E-07    0.48396E-10
    0.57400E+07    0.85454E-10    0.22601E-10    0.76902E-12   -0.21402E-10   -0.73554E-07    0.51285E-10
    0.57450E+07    0.91131E-10    0.24342E-10    0.84215E-12   -0.23150E-10   -0.79942E-07    0.54350E-10
    0.57500E+07    0.97149E-10    0.26154E-10    0.91959E-12   -0.24964E-10   -0.86549E-07    0.57597E-10
    0.57550E+07    0.10352E-09    0.28040E-10    0.10016E-11   -0.26847E-10   -0.93380E-07    0.61030E-10
    0.57600E+07    0.11026E-09    0.30004E-10    0.10883E-11   -0.28804E-10   -0.10044E-06    0.64656E-10
    0.57650E+07    0.11738E-09    0.32050E-10    0.11799E-11   -0.30837E-10   -0.10774E-06    0.68480E-10
    0.57700E+07    0.12489E-09    0.34182E-10    0.12768E-11   -0.32952E-10   -0.11529E-06    0.72509E-10
    0.57750E+07    0.13282E-09    0.36404E-10    0.13791E-11   -0.35151E-10   -0.12310E-06    0.76751E-10
    0.57800E+07    0.14118E-09    0.38720E-10    0.14871E-11   -0.37440E-10   -0.13118E-06    0.81213E-10
    0.57850E+07    0.14998E-09    0.41136E-10    0.16010E-11   -0.39823E-10   -0.13954E-06    0.85903E-10
    0.57900E+07    0.15926E-09    0.43656E-10    0.17211E-11   -0.42305E-10   -0.14818E-06    0.90829E-10
    0.57950E+07    0.16901E-09    0.46284E-10    0.18477E-11   -0.44890E-10   -0.15713E-06    0.96000E-10
    0.58000E+07    0.17928E-09    0.49027E-10    0.19810E-11   -0.47582E-10   -0.16638E-06    0.10142E-09
    0.58050E+07    0.19007E-09    0.51888E-10    0.21214E-11   -0.50387E-10   -0.17596E-06    0.10711E-09
    0.58100E+07    0.20141E-09    0.54874E-10    0.22691E-11   -0.53310E-10   -0.18587E-06    0.11307E-09
    0.58150E+07    0.21331E-09    0.57990E-10    0.24244E-11   -0.56356E-10   -0.19612E-06    0.11930E-09
    0.58200E+07    0.22581E-09    0.61241E-10    0.25877E-11   -0.59530E-10   -0.20673E-06    0.12583E-09
    0.58250E+07    0.23892E-09    0.64633E-10    0.27592E-11   -0.62837E-10   -0.21771E-06    0.13265E-09
    0.58300E+07    0.25266E-09    0.68172E-10    0.29394E-11   -0.66282E-10   -0.22906E-06    0.13978E-09
    0.58350E+07    0.26707E-09    0.71863E-10    0.31284E-11   -0.69871E-10   -0.24080E-06    0.14723E-09
    0.58400E+07    0.28215E-09    0.75713E-10    0.33267E-11   -0.73608E-10   -0.25294E-06    0.15500E-09
    0.58450E+07    0.29794E-09    0.79728E-10    0.35346E-11   -0.77500E-10   -0.26549E-06    0.16311E-09
    0.58500E+07    0.31446E-09    0.83913E-10    0.37525E-11   -0.81551E-10   -0.27845E-06    0.17155E-09
    0.58550E+07    0.33172E-09    0.88274E-10    0.39806E-11   -0.85766E-10   -0.29184E-06    0.18035E-09
    0.58600E+07    0.34976E-09    0.92817E-10    0.42194E-11   -0.90149E-10   -0.30565E-06    0.18951E-09
    0.58636E+07    0.36306E-09    0.96158E-10    0.43957E-11   -0.93369E-10   -0.31573E-06    0.19623E-09
    0.58636E+07    0.37428E-09    0.99371E-10    0.42884E-11   -0.95786E-10   -0.32519E-06    0.20253E-09
    0.58668E+07    0.38751E-09    0.10291E-09    0.44615E-11   -0.99207E-10   -0.33622E-06    0.20913E-09
    0.58700E+07    0.40112E-09    0.10654E-09    0.46399E-11   -0.10271E-09   -0.34746E-06    0.21589E-09
    0.58750E+07    0.42300E-09    0.11236E-09    0.49270E-11   -0.10832E-09   -0.36532E-06    0.22672E-09
    0.58800E+07    0.44583E-09    0.11840E-09    0.52272E-11   -0.11413E-09   -0.38371E-06    0.23796E-09
    0.58850E+07    0.46964E-09    0.12468E-09    0.55410E-11   -0.12016E-09   -0.40262E-06    0.24962E-09
    0.58900E+07    0.49446E-09    0.13120E-09    0.58688E-11   -0.12641E-09   -0.42207E-06    0.26171E-09
    0.58950E+07    0.52030E-09    0.13796E-09    0.62109E-11   -0.13289E-09   -0.44205E-06    0.27422E-09
    0.59000E+07    0.54719E-09    0.14498E-09    0.65678E-11   -0.13959E-09   -0.46257E-06    0.28716E-09
    0.59050E+07    0.57516E-09    0.15226E-09    0.69398E-11   -0.14653E-09   -0.48363E-06    0.30052E-09
    0.59100E+07    0.60421E-09    0.15980E-09    0.73272E-11   -0.15370E-09   -0.50523E-06    0.31432E-09
    0.59150E+07    0.63437E-09    0.16761E-09    0.77304E-11   -0.16112E-09   -0.52735E-06    0.32855E-09
    0.59200E+07    0.66566E-09    0.17569E-09    0.81498E-11   -0.16878E-09   -0.54999E-06    0.34320E-09
    0.59250E+07    0.69809E-09    0.18405E-09    0.85857E-11   -0.17668E-09   -0.57315E-06    0.35827E-09
    0.59300E+07    0.73166E-09    0.19269E-09    0.90382E-11   -0.18483E-09   -0.59680E-06    0.37376E-09
    0.59350E+07    0.76640E-09    0.20161E-09    0.95077E-11   -0.19322E-09   -0.62094E-06    0.38965E-09
    0.59400E+07    0.80230E-09    0.21082E-09    0.99943E-11   -0.20186E-09   -0.64555E-06    0.40592E-09
    0.59450E+07    0.83937E-09    0.22031E-09    0.10498E-10   -0.21074E-09   -0.67060E-06    0.42258E-09
    0.59500E+07    0.87761E-09    0.23009E-09    0.11020E-10   -0.21986E-09   -0.69607E-06    0.43960E-09
    0.59529E+07    0.90020E-09    0.23586E-09    0.11328E-10   -0.22523E-09   -0.71095E-06    0.44957E-09
    0.59558E+07    0.92318E-09    0.24173E-09    0.11643E-10   -0.23069E-09   -0.72595E-06    0.45965E-09
    0.59558E+07    0.10077E-08    0.26212E-09    0.10783E-10   -0.23882E-09   -0.70201E-06    0.52893E-09
    0.59600E+07    0.10476E-08    0.27417E-09    0.11389E-10   -0.25041E-09   -0.73792E-06    0.54479E-09
    0.59650E+07    0.10962E-08    0.28864E-09    0.12126E-10   -0.26426E-09   -0.78072E-06    0.56382E-09
    0.59700E+07    0.11463E-08    0.30334E-09    0.12887E-10   -0.27830E-09   -0.82386E-06    0.58310E-09
    0.59750E+07    0.11978E-08    0.31827E-09    0.13670E-10   -0.29250E-09   -0.86729E-06    0.60258E-09
    0.59800E+07    0.12508E-08    0.33342E-09    0.14477E-10   -0.30686E-09   -0.91095E-06    0.62222E-09
    0.59850E+07    0.13052E-08    0.34878E-09    0.15307E-10   -0.32136E-09   -0.95480E-06    0.64195E-09
    0.59900E+07    0.13610E-08    0.36433E-09    0.16159E-10   -0.33600E-09   -0.99875E-06    0.66174E-09
    0.59950E+07    0.14220E-08    0.38125E-09    0.17034E-10   -0.35449E-09   -0.10444E-05    0.68092E-09
    0.60000E+07    0.14841E-08    0.39843E-09    0.17931E-10   -0.37341E-09   -0.10901E-05    0.69962E-09
    0.60050E+07    0.15431E-08    0.41454E-09    0.18848E-10   -0.38863E-09   -0.11339E-05    0.71843E-09
    0.60100E+07    0.16031E-08    0.43075E-09    0.19784E-10   -0.40387E-09   -0.11774E-05    0.73694E-09
    0.60150E+07    0.16640E-08    0.44703E-09    0.20739E-10   -0.41911E-09   -0.12206E-05    0.75507E-09
    0.60200E+07    0.17258E-08    0.46336E-09    0.21710E-10   -0.43431E-09   -0.12632E-05    0.77272E-09
    0.60250E+07    0.17883E-08    0.47970E-09    0.22696E-10   -0.44944E-09   -0.13051E-05    0.78982E-09
    0.60300E+07    0.18515E-08    0.49603E-09    0.23696E-10   -0.46448E-09   -0.13464E-05    0.80626E-09
    0.60350E+07    0.19152E-08    0.51231E-09    0.24709E-10   -0.47938E-09   -0.13867E-05    0.82194E-09
    0.60400E+07    0.19794E-08    0.52851E-09    0.25732E-10   -0.49411E-09   -0.14261E-05    0.83676E-09
    0.60450E+07    0.20438E-08    0.54459E-09    0.26763E-10   -0.50862E-09   -0.14644E-05    0.85061E-09
    0.60500E+07    0.21083E-08    0.56051E-09    0.27800E-10   -0.52286E-09   -0.15014E-05    0.86338E-09
    0.60550E+07    0.21728E-08    0.57622E-09    0.28840E-10   -0.53679E-09   -0.15369E-05    0.87495E-09
    0.60600E+07    0.22371E-08    0.59168E-09    0.29882E-10   -0.55036E-09   -0.15709E-05    0.88520E-09
    0.60650E+07    0.23011E-08    0.60683E-09    0.30921E-10   -0.56351E-09   -0.16032E-05    0.89399E-09
    0.60700E+07    0.23645E-08    0.62163E-09    0.31955E-10   -0.57618E-09   -0.16335E-05    0.90120E-09
    0.60750E+07    0.24271E-08    0.63602E-09    0.32980E-10   -0.58832E-09   -0.16618E-05    0.90668E-09
    0.60800E+07    0.24889E-08    0.64994E-09    0.33993E-10   -0.59986E-09   -0.16878E-05    0.91032E-09
    0.60850E+07    0.25494E-08    0.66333E-09    0.34989E-10   -0.61074E-09   -0.17113E-05    0.91195E-09
    0.60900E+07    0.26086E-08    0.67614E-09    0.35965E-10   -0.62088E-09   -0.17322E-05    0.91144E-09
    0.60950E+07    0.26662E-08    0.68828E-09    0.36916E-10   -0.63022E-09   -0.17503E-05    0.90864E-09
    0.61000E+07    0.27219E-08    0.69971E-09    0.37836E-10   -0.63869E-09   -0.17655E-05    0.90339E-09
    0.61050E+07    0.27754E-08    0.71035E-09    0.38722E-10   -0.64620E-09   -0.17773E-05    0.89556E-09
    0.61100E+07    0.28266E-08    0.72012E-09    0.39567E-10   -0.65268E-09   -0.17858E-05    0.88497E-09
    0.61150E+07    0.28752E-08    0.72896E-09    0.40365E-10   -0.65805E-09   -0.17907E-05    0.87150E-09
    0.61200E+07    0.29208E-08    0.73679E-09    0.41112E-10   -0.66224E-09   -0.17918E-05    0.85497E-09
    0.61250E+07    0.29633E-08    0.74354E-09    0.41800E-10   -0.66515E-09   -0.17890E-05    0.83525E-09
    0.61300E+07    0.30022E-08    0.74913E-09    0.42422E-10   -0.66670E-09   -0.17819E-05    0.81220E-09
    0.61350E+07    0.30374E-08    0.75348E-09    0.42973E-10   -0.66682E-09   -0.17706E-05    0.78567E-09
    0.61400E+07    0.30686E-08    0.75653E-09    0.43443E-10   -0.66541E-09   -0.17547E-05    0.75551E-09
    0.61450E+07    0.30954E-08    0.75819E-09    0.43827E-10   -0.66240E-09   -0.17342E-05    0.72160E-09
    0.61500E+07    0.31176E-08    0.75840E-09    0.44116E-10   -0.65771E-09   -0.17089E-05    0.68384E-09
    0.61550E+07    0.31348E-08    0.75709E-09    0.44302E-10   -0.65125E-09   -0.16788E-05    0.64208E-09
    0.61600E+07    0.31470E-08    0.75419E-09    0.44376E-10   -0.64295E-09   -0.16436E-05    0.59624E-09
    0.61650E+07    0.31537E-08    0.74963E-09    0.44331E-10   -0.63274E-09   -0.16033E-05    0.54623E-09
    0.61700E+07    0.31547E-08    0.74336E-09    0.44156E-10   -0.62055E-09   -0.15579E-05    0.49196E-09
    0.61750E+07    0.31498E-08    0.73532E-09    0.43843E-10   -0.60631E-09   -0.15073E-05    0.43338E-09
    0.61800E+07    0.31388E-08    0.72547E-09    0.43383E-10   -0.58996E-09   -0.14515E-05    0.37044E-09
    0.61850E+07    0.31215E-08    0.71377E-09    0.42766E-10   -0.57147E-09   -0.13907E-05    0.30314E-09
    0.61900E+07    0.30977E-08    0.70019E-09    0.41982E-10   -0.55078E-09   -0.13249E-05    0.23145E-09
    0.61950E+07    0.30672E-08    0.68470E-09    0.41022E-10   -0.52785E-09   -0.12541E-05    0.15540E-09
    0.62000E+07    0.30301E-08    0.66729E-09    0.39876E-10   -0.50268E-09   -0.11787E-05    0.75059E-10
    0.62049E+07    0.29867E-08    0.64822E-09    0.38551E-10   -0.47559E-09   -0.10998E-05   -0.84688E-11
    0.62049E+07    0.30433E-08    0.66245E-09    0.38902E-10   -0.48422E-09   -0.11462E-05    0.22074E-10
    0.62075E+07    0.30001E-08    0.64952E-09    0.38309E-10   -0.46596E-09   -0.11016E-05   -0.29143E-10
    0.62100E+07    0.29558E-08    0.63607E-09    0.37637E-10   -0.44719E-09   -0.10553E-05   -0.81066E-10
    0.62150E+07    0.28680E-08    0.60923E-09    0.36071E-10   -0.41183E-09   -0.96064E-06   -0.18619E-09
    0.62200E+07    0.27748E-08    0.58045E-09    0.34178E-10   -0.37414E-09   -0.86077E-06   -0.29436E-09
    0.62250E+07    0.26763E-08    0.54992E-09    0.31946E-10   -0.33429E-09   -0.75680E-06   -0.40530E-09
    0.62300E+07    0.25729E-08    0.51785E-09    0.29362E-10   -0.29246E-09   -0.64981E-06   -0.51876E-09
    0.62350E+07    0.24649E-08    0.48448E-09    0.26416E-10   -0.24879E-09   -0.54096E-06   -0.63442E-09
    0.62400E+07    0.23527E-08    0.45002E-09    0.23094E-10   -0.20343E-09   -0.43147E-06   -0.75193E-09
    0.62450E+07    0.22366E-08    0.41472E-09    0.19387E-10   -0.15649E-09   -0.32259E-06   -0.87089E-09
    0.62500E+07    0.21173E-08    0.37883E-09    0.15282E-10   -0.10810E-09   -0.21568E-06   -0.99075E-09
    0.62550E+07    0.19953E-08    0.34262E-09    0.10769E-10   -0.58342E-10   -0.11216E-06   -0.11110E-08
    0.62600E+07    0.18713E-08    0.30636E-09    0.58375E-11   -0.73012E-11   -0.13543E-07   -0.12309E-08
    0.62650E+07    0.17461E-08    0.27037E-09    0.47678E-12    0.44962E-10    0.78577E-07   -0.13499E-08
    0.62700E+07    0.16206E-08    0.23494E-09   -0.53222E-11    0.98404E-10    0.16249E-06   -0.14669E-08
    0.62750E+07    0.14959E-08    0.20042E-09   -0.11568E-10    0.15300E-09    0.23638E-06   -0.15811E-08
    0.62800E+07    0.13732E-08    0.16717E-09   -0.18270E-10    0.20876E-09    0.29829E-06   -0.16914E-08
    0.62850E+07    0.12539E-08    0.13558E-09   -0.25434E-10    0.26570E-09    0.34614E-06   -0.17966E-08
    0.62900E+07    0.11394E-08    0.10606E-09   -0.33067E-10    0.32386E-09    0.37767E-06   -0.18952E-08
    0.62950E+07    0.10317E-08    0.79073E-10   -0.41173E-10    0.38334E-09    0.39047E-06   -0.19856E-08
    0.63000E+07    0.93267E-09    0.55106E-10   -0.49757E-10    0.44423E-09    0.38192E-06   -0.20662E-08
    0.63025E+07    0.88781E-09    0.44351E-10   -0.54156E-10    0.47477E-09    0.36808E-06   -0.21018E-08
    0.63025E+07    0.67163E-09    0.44284E-10   -0.57875E-10    0.49003E-09    0.34744E-06   -0.21902E-08
    0.63062E+07    0.62298E-09    0.29317E-10   -0.65986E-10    0.54800E-09    0.31781E-06   -0.22219E-08
    0.63100E+07    0.58385E-09    0.17073E-10   -0.74330E-10    0.60665E-09    0.27006E-06   -0.22442E-08
    0.63150E+07    0.54960E-09    0.55804E-11   -0.85755E-10    0.68534E-09    0.17586E-06   -0.22569E-08
    0.63200E+07    0.53961E-09    0.26725E-12   -0.97583E-10    0.76483E-09    0.42471E-07   -0.22474E-08
    0.63250E+07    0.55894E-09    0.20712E-11   -0.10981E-09    0.84484E-09   -0.13496E-06   -0.22119E-08
    0.63300E+07    0.61334E-09    0.12051E-10   -0.12241E-09    0.92499E-09   -0.36183E-06   -0.21464E-08
    0.63350E+07    0.70926E-09    0.31398E-10   -0.13538E-09    0.10049E-08   -0.64416E-06   -0.20461E-08
    0.63400E+07    0.85398E-09    0.61447E-10   -0.14869E-09    0.10840E-08   -0.98863E-06   -0.19059E-08
    0.63450E+07    0.10556E-08    0.10369E-09   -0.16232E-09    0.11618E-08   -0.14026E-05   -0.17199E-08
    0.63500E+07    0.13232E-08    0.15979E-09   -0.17622E-09    0.12376E-08   -0.18943E-05   -0.14818E-08
    0.63545E+07    0.16289E-08    0.22366E-09   -0.18893E-09    0.13035E-08   -0.24107E-05   -0.12171E-08
    0.63590E+07    0.20044E-08    0.30175E-09   -0.20180E-09    0.13666E-08   -0.30046E-05   -0.89864E-09
    0.63590E+07    0.79109E-09    0.48875E-10   -0.13940E-09    0.14123E-08   -0.42725E-06   -0.23782E-08
    0.63600E+07    0.86419E-09    0.56834E-10   -0.14150E-09    0.14159E-08   -0.46819E-06   -0.23539E-08
    0.63629E+07    0.10897E-08    0.83487E-10   -0.14756E-09    0.14238E-08   -0.59384E-06   -0.22759E-08
    0.63658E+07    0.13364E-08    0.11564E-09   -0.15358E-09    0.14272E-08   -0.73043E-06   -0.21865E-08
    0.63658E+07    0.25913E-09    0.47574E-10   -0.19006E-10    0.13747E-09   -0.16513E-06   -0.42204E-08
    0.63660E+07    0.27159E-09    0.52060E-10   -0.19055E-10    0.12601E-09   -0.17324E-06   -0.42268E-08
    0.63660E+07    0.00000E+00    0.68428E-10   -0.00000E+00    0.99678E-11    0.72218E-08   -0.29611E-08
    0.63710E+07    0.00000E+00    0.22434E-12    0.00000E+00   -0.22434E-12   -0.33650E-09   -0.30727E-08
