    0.10000E+01    0.00000E+00    0.00000E+00    0.00000E+00    0.00000E+00    0.00000E+00   -0.47822E-26
    0.20000E+05    0.00000E+00    0.00000E+00    0.00000E+00    0.00000E+00    0.00000E+00   -0.19129E-17
    0.40000E+05    0.00000E+00    0.00000E+00    0.00000E+00    0.00000E+00    0.00000E+00   -0.76516E-17
    0.60000E+05    0.00000E+00    0.00000E+00    0.00000E+00    0.00000E+00    0.00000E+00   -0.17216E-16
    0.80000E+05    0.00000E+00    0.00000E+00    0.00000E+00    0.00000E+00    0.00000E+00   -0.30606E-16
    0.10000E+06    0.00000E+00    0.00000E+00    0.00000E+00    0.00000E+00    0.00000E+00   -0.47822E-16
    0.12000E+06    0.00000E+00    0.00000E+00    0.00000E+00    0.00000E+00    0.00000E+00   -0.68864E-16
    0.14000E+06    0.00000E+00    0.00000E+00    0.00000E+00    0.00000E+00    0.00000E+00   -0.93732E-16
    0.16000E+06    0.00000E+00    0.00000E+00    0.00000E+00    0.00000E+00    0.00000E+00   -0.12243E-15
    0.18000E+06    0.00000E+00    0.00000E+00    0.00000E+00    0.00000E+00    0.00000E+00   -0.15494E-15
    0.20000E+06    0.00000E+00    0.00000E+00    0.00000E+00    0.00000E+00    0.00000E+00   -0.19129E-15
    0.22000E+06    0.00000E+00    0.00000E+00    0.00000E+00    0.00000E+00    0.00000E+00   -0.23146E-15
    0.24000E+06    0.00000E+00    0.00000E+00    0.00000E+00    0.00000E+00    0.00000E+00   -0.27546E-15
    0.26000E+06    0.00000E+00    0.00000E+00    0.00000E+00    0.00000E+00    0.00000E+00   -0.32328E-15
    0.28000E+06    0.00000E+00    0.00000E+00    0.00000E+00    0.00000E+00    0.00000E+00   -0.37493E-15
    0.30000E+06    0.00000E+00    0.00000E+00    0.00000E+00    0.00000E+00    0.00000E+00   -0.43040E-15
    0.32000E+06    0.00000E+00    0.00000E+00    0.00000E+00    0.00000E+00    0.00000E+00   -0.48970E-15
    0.34000E+06    0.00000E+00    0.00000E+00    0.00000E+00    0.00000E+00    0.00000E+00   -0.55283E-15
    0.36000E+06    0.00000E+00    0.00000E+00    0.00000E+00    0.00000E+00    0.00000E+00   -0.61978E-15
    0.38000E+06    0.00000E+00    0.00000E+00    0.00000E+00    0.00000E+00    0.00000E+00   -0.69056E-15
    0.40000E+06    0.00000E+00    0.00000E+00    0.00000E+00    0.00000E+00    0.00000E+00   -0.76516E-15
    0.42000E+06    0.00000E+00    0.00000E+00    0.00000E+00    0.00000E+00    0.00000E+00   -0.84359E-15
    0.44000E+06    0.00000E+00    0.00000E+00    0.00000E+00    0.00000E+00    0.00000E+00   -0.92584E-15
    0.46000E+06    0.00000E+00    0.00000E+00    0.00000E+00    0.00000E+00    0.00000E+00   -0.10119E-14
    0.48000E+06    0.00000E+00    0.00000E+00    0.00000E+00    0.00000E+00    0.00000E+00   -0.11018E-14
    0.50000E+06    0.00000E+00    0.00000E+00    0.00000E+00    0.00000E+00    0.00000E+00   -0.11956E-14
    0.52000E+06    0.00000E+00    0.00000E+00    0.00000E+00    0.00000E+00    0.00000E+00   -0.12931E-14
    0.54000E+06    0.00000E+00    0.00000E+00    0.00000E+00    0.00000E+00    0.00000E+00   -0.13945E-14
    0.56000E+06    0.00000E+00    0.00000E+00    0.00000E+00    0.00000E+00    0.00000E+00   -0.14997E-14
    0.58000E+06    0.00000E+00    0.00000E+00    0.00000E+00    0.00000E+00    0.00000E+00   -0.16087E-14
    0.60000E+06    0.00000E+00    0.00000E+00    0.00000E+00    0.00000E+00    0.00000E+00   -0.17216E-14
    0.62000E+06    0.00000E+00    0.00000E+00    0.00000E+00    0.00000E+00    0.00000E+00   -0.18383E-14
    0.64000E+06    0.00000E+00    0.00000E+00    0.00000E+00    0.00000E+00    0.00000E+00   -0.19588E-14
    0.66000E+06    0.00000E+00    0.00000E+00    0.00000E+00    0.00000E+00    0.00000E+00   -0.20831E-14
    0.68000E+06    0.00000E+00    0.00000E+00    0.00000E+00    0.00000E+00    0.00000E+00   -0.22113E-14
    0.70000E+06    0.00000E+00    0.00000E+00    0.00000E+00    0.00000E+00    0.00000E+00   -0.23433E-14
    0.72000E+06    0.00000E+00    0.00000E+00    0.00000E+00    0.00000E+00    0.00000E+00   -0.24791E-14
    0.74000E+06    0.00000E+00    0.00000E+00    0.00000E+00    0.00000E+00    0.00000E+00   -0.26188E-14
    0.76000E+06    0.00000E+00    0.00000E+00    0.00000E+00    0.00000E+00    0.00000E+00   -0.27622E-14
    0.78000E+06    0.00000E+00    0.00000E+00    0.00000E+00    0.00000E+00    0.00000E+00   -0.29095E-14
    0.80000E+06    0.00000E+00    0.00000E+00    0.00000E+00    0.00000E+00    0.00000E+00   -0.30606E-14
    0.82000E+06    0.00000E+00    0.00000E+00    0.00000E+00    0.00000E+00    0.00000E+00   -0.32156E-14
    0.84000E+06    0.00000E+00    0.00000E+00    0.00000E+00    0.00000E+00    0.00000E+00   -0.33744E-14
    0.86000E+06    0.00000E+00    0.00000E+00    0.00000E+00    0.00000E+00    0.00000E+00   -0.35370E-14
    0.88000E+06    0.00000E+00    0.00000E+00    0.00000E+00    0.00000E+00    0.00000E+00   -0.37034E-14
    0.90000E+06    0.00000E+00    0.00000E+00    0.00000E+00    0.00000E+00    0.00000E+00   -0.38736E-14
    0.92000E+06    0.00000E+00    0.00000E+00    0.00000E+00    0.00000E+00    0.00000E+00   -0.40477E-14
    0.94000E+06    0.00000E+00    0.00000E+00    0.00000E+00    0.00000E+00    0.00000E+00   -0.42256E-14
    0.96000E+06    0.00000E+00    0.00000E+00    0.00000E+00    0.00000E+00    0.00000E+00   -0.44073E-14
    0.98000E+06    0.00000E+00    0.00000E+00    0.00000E+00    0.00000E+00    0.00000E+00   -0.45929E-14
    0.10000E+07    0.00000E+00    0.00000E+00    0.00000E+00    0.00000E+00    0.00000E+00   -0.47822E-14
    0.10200E+07    0.00000E+00    0.00000E+00    0.00000E+00    0.00000E+00    0.00000E+00   -0.49755E-14
    0.10400E+07    0.00000E+00    0.00000E+00    0.00000E+00    0.00000E+00    0.00000E+00   -0.51725E-14
    0.10600E+07    0.00000E+00    0.00000E+00    0.00000E+00    0.00000E+00    0.00000E+00   -0.53733E-14
    0.10800E+07    0.00000E+00    0.00000E+00    0.00000E+00    0.00000E+00    0.00000E+00   -0.55780E-14
    0.11000E+07    0.00000E+00    0.00000E+00    0.00000E+00    0.00000E+00    0.00000E+00   -0.57865E-14
    0.11200E+07    0.00000E+00    0.00000E+00    0.00000E+00    0.00000E+00    0.00000E+00   -0.59989E-14
    0.11400E+07    0.00000E+00    0.00000E+00    0.00000E+00    0.00000E+00    0.00000E+00   -0.62150E-14
    0.11600E+07    0.00000E+00    0.00000E+00    0.00000E+00    0.00000E+00    0.00000E+00   -0.64350E-14
    0.11800E+07    0.00000E+00    0.00000E+00    0.00000E+00    0.00000E+00    0.00000E+00   -0.66588E-14
    0.12000E+07    0.00000E+00    0.00000E+00    0.00000E+00    0.00000E+00    0.00000E+00   -0.68864E-14
    0.12200E+07    0.00000E+00    0.00000E+00    0.00000E+00    0.00000E+00    0.00000E+00   -0.71179E-14
    0.12215E+07    0.00000E+00    0.00000E+00    0.00000E+00    0.00000E+00    0.00000E+00   -0.71354E-14
    0.12215E+07    0.00000E+00    0.00000E+00    0.00000E+00    0.00000E+00    0.00000E+00   -0.71354E-14
    0.12400E+07    0.00000E+00    0.00000E+00    0.00000E+00    0.00000E+00    0.00000E+00   -0.73532E-14
    0.12600E+07    0.00000E+00    0.00000E+00    0.00000E+00    0.00000E+00    0.00000E+00   -0.75923E-14
    0.12800E+07    0.00000E+00    0.00000E+00    0.00000E+00    0.00000E+00    0.00000E+00   -0.78352E-14
    0.13000E+07    0.00000E+00    0.00000E+00    0.00000E+00    0.00000E+00    0.00000E+00   -0.80820E-14
    0.13200E+07    0.00000E+00    0.00000E+00    0.00000E+00    0.00000E+00    0.00000E+00   -0.83326E-14
    0.13400E+07    0.00000E+00    0.00000E+00    0.00000E+00    0.00000E+00    0.00000E+00   -0.85870E-14
    0.13600E+07    0.00000E+00    0.00000E+00    0.00000E+00    0.00000E+00    0.00000E+00   -0.88452E-14
    0.13800E+07    0.00000E+00    0.00000E+00    0.00000E+00    0.00000E+00    0.00000E+00   -0.91073E-14
    0.14000E+07    0.00000E+00    0.00000E+00    0.00000E+00    0.00000E+00    0.00000E+00   -0.93732E-14
    0.14200E+07    0.00000E+00    0.00000E+00    0.00000E+00    0.00000E+00    0.00000E+00   -0.96429E-14
    0.14400E+07    0.00000E+00    0.00000E+00    0.00000E+00    0.00000E+00    0.00000E+00   -0.99165E-14
    0.14600E+07    0.00000E+00    0.00000E+00    0.00000E+00    0.00000E+00    0.00000E+00   -0.10194E-13
    0.14800E+07    0.00000E+00    0.00000E+00    0.00000E+00    0.00000E+00    0.00000E+00   -0.10475E-13
    0.15000E+07    0.00000E+00    0.00000E+00    0.00000E+00    0.00000E+00    0.00000E+00   -0.10760E-13
    0.15200E+07    0.00000E+00    0.00000E+00    0.00000E+00    0.00000E+00    0.00000E+00   -0.11049E-13
    0.15400E+07    0.00000E+00    0.00000E+00    0.00000E+00    0.00000E+00    0.00000E+00   -0.11342E-13
    0.15600E+07    0.00000E+00    0.00000E+00    0.00000E+00    0.00000E+00    0.00000E+00   -0.11638E-13
    0.15800E+07    0.00000E+00    0.00000E+00    0.00000E+00    0.00000E+00    0.00000E+00   -0.11938E-13
    0.16000E+07    0.00000E+00    0.00000E+00    0.00000E+00    0.00000E+00    0.00000E+00   -0.12243E-13
    0.16200E+07    0.00000E+00    0.00000E+00    0.00000E+00    0.00000E+00    0.00000E+00   -0.12551E-13
    0.16400E+07    0.00000E+00    0.00000E+00    0.00000E+00    0.00000E+00    0.00000E+00   -0.12862E-13
    0.16600E+07    0.00000E+00    0.00000E+00    0.00000E+00    0.00000E+00    0.00000E+00   -0.13178E-13
    0.16800E+07    0.00000E+00    0.00000E+00    0.00000E+00    0.00000E+00    0.00000E+00   -0.13497E-13
    0.17000E+07    0.00000E+00    0.00000E+00    0.00000E+00    0.00000E+00    0.00000E+00   -0.13821E-13
    0.17200E+07    0.00000E+00    0.00000E+00    0.00000E+00    0.00000E+00    0.00000E+00   -0.14148E-13
    0.17400E+07    0.00000E+00    0.00000E+00    0.00000E+00    0.00000E+00    0.00000E+00   -0.14479E-13
    0.17600E+07    0.00000E+00    0.00000E+00    0.00000E+00    0.00000E+00    0.00000E+00   -0.14813E-13
    0.17800E+07    0.00000E+00    0.00000E+00    0.00000E+00    0.00000E+00    0.00000E+00   -0.15152E-13
    0.18000E+07    0.00000E+00    0.00000E+00    0.00000E+00    0.00000E+00    0.00000E+00   -0.15494E-13
    0.18200E+07    0.00000E+00    0.00000E+00    0.00000E+00    0.00000E+00    0.00000E+00   -0.15841E-13
    0.18400E+07    0.00000E+00    0.00000E+00    0.00000E+00    0.00000E+00    0.00000E+00   -0.16191E-13
    0.18600E+07    0.00000E+00    0.00000E+00    0.00000E+00    0.00000E+00    0.00000E+00   -0.16545E-13
    0.18800E+07    0.00000E+00    0.00000E+00    0.00000E+00    0.00000E+00    0.00000E+00   -0.16902E-13
    0.19000E+07    0.00000E+00    0.00000E+00    0.00000E+00    0.00000E+00    0.00000E+00   -0.17264E-13
    0.19200E+07    0.00000E+00    0.00000E+00    0.00000E+00    0.00000E+00    0.00000E+00   -0.17629E-13
    0.19400E+07    0.00000E+00    0.00000E+00    0.00000E+00    0.00000E+00    0.00000E+00   -0.17998E-13
    0.19600E+07    0.00000E+00    0.00000E+00    0.00000E+00    0.00000E+00    0.00000E+00   -0.18371E-13
    0.19800E+07    0.00000E+00    0.00000E+00    0.00000E+00    0.00000E+00    0.00000E+00   -0.18748E-13
    0.20000E+07    0.00000E+00    0.00000E+00    0.00000E+00    0.00000E+00    0.00000E+00   -0.19129E-13
    0.20200E+07    0.00000E+00    0.00000E+00    0.00000E+00    0.00000E+00    0.00000E+00   -0.19513E-13
    0.20400E+07    0.00000E+00    0.00000E+00    0.00000E+00    0.00000E+00    0.00000E+00   -0.19902E-13
    0.20600E+07    0.00000E+00    0.00000E+00    0.00000E+00    0.00000E+00    0.00000E+00   -0.20294E-13
    0.20800E+07    0.00000E+00    0.00000E+00    0.00000E+00    0.00000E+00    0.00000E+00   -0.20690E-13
    0.21000E+07    0.00000E+00    0.00000E+00    0.00000E+00    0.00000E+00    0.00000E+00   -0.21090E-13
    0.21200E+07    0.00000E+00    0.00000E+00    0.00000E+00    0.00000E+00    0.00000E+00   -0.21493E-13
    0.21400E+07    0.00000E+00    0.00000E+00    0.00000E+00    0.00000E+00    0.00000E+00   -0.21901E-13
    0.21600E+07    0.00000E+00    0.00000E+00    0.00000E+00    0.00000E+00    0.00000E+00   -0.22312E-13
    0.21800E+07    0.00000E+00    0.00000E+00    0.00000E+00    0.00000E+00    0.00000E+00   -0.22727E-13
    0.22000E+07    0.00000E+00    0.00000E+00    0.00000E+00    0.00000E+00    0.00000E+00   -0.23146E-13
    0.22200E+07    0.00000E+00    0.00000E+00    0.00000E+00    0.00000E+00    0.00000E+00   -0.23569E-13
    0.22400E+07    0.00000E+00    0.00000E+00    0.00000E+00    0.00000E+00    0.00000E+00   -0.23995E-13
    0.22600E+07    0.00000E+00    0.00000E+00    0.00000E+00    0.00000E+00    0.00000E+00   -0.24426E-13
    0.22800E+07    0.00000E+00    0.00000E+00    0.00000E+00    0.00000E+00    0.00000E+00   -0.24860E-13
    0.23000E+07    0.00000E+00    0.00000E+00    0.00000E+00    0.00000E+00    0.00000E+00   -0.25298E-13
    0.23200E+07    0.00000E+00    0.00000E+00    0.00000E+00    0.00000E+00    0.00000E+00   -0.25740E-13
    0.23400E+07    0.00000E+00    0.00000E+00    0.00000E+00    0.00000E+00    0.00000E+00   -0.26186E-13
    0.23600E+07    0.00000E+00    0.00000E+00    0.00000E+00    0.00000E+00    0.00000E+00   -0.26635E-13
    0.23800E+07    0.00000E+00    0.00000E+00    0.00000E+00    0.00000E+00    0.00000E+00   -0.27089E-13
    0.24000E+07    0.00000E+00    0.00000E+00    0.00000E+00    0.00000E+00    0.00000E+00   -0.27546E-13
    0.24200E+07    0.00000E+00    0.00000E+00    0.00000E+00    0.00000E+00    0.00000E+00   -0.28007E-13
    0.24400E+07    0.00000E+00    0.00000E+00    0.00000E+00    0.00000E+00    0.00000E+00   -0.28472E-13
    0.24600E+07    0.00000E+00    0.00000E+00    0.00000E+00    0.00000E+00    0.00000E+00   -0.28940E-13
    0.24800E+07    0.00000E+00    0.00000E+00    0.00000E+00    0.00000E+00    0.00000E+00   -0.29413E-13
    0.25000E+07    0.00000E+00    0.00000E+00    0.00000E+00    0.00000E+00    0.00000E+00   -0.29889E-13
    0.25200E+07    0.00000E+00    0.00000E+00    0.00000E+00    0.00000E+00    0.00000E+00   -0.30369E-13
    0.25400E+07    0.00000E+00    0.00000E+00    0.00000E+00    0.00000E+00    0.00000E+00   -0.30853E-13
    0.25600E+07    0.00000E+00    0.00000E+00    0.00000E+00    0.00000E+00    0.00000E+00   -0.31341E-13
    0.25800E+07    0.00000E+00    0.00000E+00    0.00000E+00    0.00000E+00    0.00000E+00   -0.31833E-13
    0.26000E+07    0.00000E+00    0.00000E+00    0.00000E+00    0.00000E+00    0.00000E+00   -0.32328E-13
    0.26200E+07    0.00000E+00    0.00000E+00    0.00000E+00    0.00000E+00    0.00000E+00   -0.32827E-13
    0.26400E+07    0.00000E+00    0.00000E+00    0.00000E+00    0.00000E+00    0.00000E+00   -0.33330E-13
    0.26600E+07    0.00000E+00    0.00000E+00    0.00000E+00    0.00000E+00    0.00000E+00   -0.33837E-13
    0.26800E+07    0.00000E+00    0.00000E+00    0.00000E+00    0.00000E+00    0.00000E+00   -0.34348E-13
    0.27000E+07    0.00000E+00    0.00000E+00    0.00000E+00    0.00000E+00    0.00000E+00   -0.34863E-13
    0.27200E+07    0.00000E+00    0.00000E+00    0.00000E+00    0.00000E+00    0.00000E+00   -0.35381E-13
    0.27400E+07    0.00000E+00    0.00000E+00    0.00000E+00    0.00000E+00    0.00000E+00   -0.35903E-13
    0.27600E+07    0.00000E+00    0.00000E+00    0.00000E+00    0.00000E+00    0.00000E+00   -0.36429E-13
    0.27800E+07    0.00000E+00    0.00000E+00    0.00000E+00    0.00000E+00    0.00000E+00   -0.36959E-13
    0.28000E+07    0.00000E+00    0.00000E+00    0.00000E+00    0.00000E+00    0.00000E+00   -0.37493E-13
    0.28200E+07    0.00000E+00    0.00000E+00    0.00000E+00    0.00000E+00    0.00000E+00   -0.38030E-13
    0.28400E+07    0.00000E+00    0.00000E+00    0.00000E+00    0.00000E+00    0.00000E+00   -0.38572E-13
    0.28600E+07    0.00000E+00    0.29896E-30    0.00000E+00   -0.29817E-30   -0.28212E-26   -0.39117E-13
    0.28800E+07    0.00000E+00    0.51930E-30    0.00000E+00   -0.51788E-30   -0.48919E-26   -0.39666E-13
    0.29000E+07    0.00000E+00    0.11188E-29    0.00000E+00   -0.11156E-29   -0.10519E-25   -0.40219E-13
    0.29200E+07    0.00000E+00    0.19307E-29    0.00000E+00   -0.19250E-29   -0.18121E-25   -0.40775E-13
    0.29400E+07    0.00000E+00    0.33173E-29    0.00000E+00   -0.33070E-29   -0.31077E-25   -0.41336E-13
    0.29600E+07    0.00000E+00    0.56754E-29    0.00000E+00   -0.56571E-29   -0.53071E-25   -0.41900E-13
    0.29800E+07    0.00000E+00    0.96698E-29    0.00000E+00   -0.96373E-29   -0.90255E-25   -0.42468E-13
    0.30000E+07    0.00000E+00    0.16409E-28    0.00000E+00   -0.16352E-28   -0.15287E-24   -0.43040E-13
    0.30200E+07    0.00000E+00    0.27735E-28    0.00000E+00   -0.27634E-28   -0.25790E-24   -0.43616E-13
    0.30400E+07    0.00000E+00    0.46695E-28    0.00000E+00   -0.46517E-28   -0.43336E-24   -0.44196E-13
    0.30600E+07    0.00000E+00    0.78311E-28    0.00000E+00   -0.78001E-28   -0.72539E-24   -0.44779E-13
    0.30800E+07    0.00000E+00    0.13083E-27    0.00000E+00   -0.13029E-27   -0.12096E-23   -0.45366E-13
    0.31000E+07    0.00000E+00    0.21776E-27    0.00000E+00   -0.21682E-27   -0.20092E-23   -0.45957E-13
    0.31200E+07    0.00000E+00    0.36108E-27    0.00000E+00   -0.35945E-27   -0.33250E-23   -0.46552E-13
    0.31400E+07    0.00000E+00    0.59651E-27    0.00000E+00   -0.59371E-27   -0.54820E-23   -0.47151E-13
    0.31600E+07    0.00000E+00    0.98184E-27    0.00000E+00   -0.97703E-27   -0.90049E-23   -0.47754E-13
    0.31800E+07    0.00000E+00    0.16102E-26    0.00000E+00   -0.16020E-26   -0.14738E-22   -0.48360E-13
    0.32000E+07    0.00000E+00    0.26312E-26    0.00000E+00   -0.26172E-26   -0.24034E-22   -0.48970E-13
    0.32200E+07    0.00000E+00    0.42844E-26    0.00000E+00   -0.42606E-26   -0.39053E-22   -0.49584E-13
    0.32400E+07    0.00000E+00    0.69515E-26    0.00000E+00   -0.69112E-26   -0.63233E-22   -0.50202E-13
    0.32600E+07    0.00000E+00    0.11240E-25    0.00000E+00   -0.11172E-25   -0.10202E-21   -0.50824E-13
    0.32800E+07    0.00000E+00    0.18110E-25    0.00000E+00   -0.17995E-25   -0.16404E-21   -0.51449E-13
    0.33000E+07    0.00000E+00    0.29079E-25    0.00000E+00   -0.28887E-25   -0.26284E-21   -0.52079E-13
    0.33200E+07    0.00000E+00    0.46533E-25    0.00000E+00   -0.46212E-25   -0.41969E-21   -0.52712E-13
    0.33400E+07    0.00000E+00    0.74210E-25    0.00000E+00   -0.73677E-25   -0.66789E-21   -0.53349E-13
    0.33600E+07    0.00000E+00    0.11795E-24    0.00000E+00   -0.11707E-24   -0.10593E-20   -0.53990E-13
    0.33800E+07    0.00000E+00    0.18686E-24    0.00000E+00   -0.18539E-24   -0.16744E-20   -0.54634E-13
    0.34000E+07    0.00000E+00    0.29503E-24    0.00000E+00   -0.29262E-24   -0.26379E-20   -0.55283E-13
    0.34200E+07    0.00000E+00    0.46430E-24    0.00000E+00   -0.46033E-24   -0.41421E-20   -0.55935E-13
    0.34400E+07    0.00000E+00    0.72830E-24    0.00000E+00   -0.72179E-24   -0.64828E-20   -0.56591E-13
    0.34600E+07    0.00000E+00    0.11387E-23    0.00000E+00   -0.11281E-23   -0.10113E-19   -0.57251E-13
    0.34800E+07    0.00000E+00    0.17746E-23    0.00000E+00   -0.17573E-23   -0.15726E-19   -0.57915E-13
    0.34800E+07    0.10233E-23    0.18002E-24    0.81371E-25    0.33353E-24   -0.29270E-20   -0.57915E-13
    0.34850E+07    0.88484E-24    0.14873E-24    0.77154E-25    0.30547E-24   -0.24700E-20   -0.58081E-13
    0.34900E+07    0.82013E-24    0.12601E-24    0.73366E-25    0.27566E-24   -0.21208E-20   -0.58248E-13
    0.34950E+07    0.81497E-24    0.11004E-24    0.70040E-25    0.24513E-24   -0.18588E-20   -0.58415E-13
    0.35000E+07    0.85810E-24    0.99460E-25    0.67195E-25    0.21452E-24   -0.16677E-20   -0.58583E-13
    0.35050E+07    0.94082E-24    0.93328E-25    0.64845E-25    0.18417E-24   -0.15348E-20   -0.58750E-13
    0.35100E+07    0.10565E-23    0.91014E-25    0.62996E-25    0.15418E-24   -0.14506E-20   -0.58918E-13
    0.35150E+07    0.12003E-23    0.92162E-25    0.61651E-25    0.12440E-24   -0.14082E-20   -0.59086E-13
    0.35200E+07    0.13688E-23    0.96637E-25    0.60812E-25    0.94563E-25   -0.14024E-20   -0.59254E-13
    0.35250E+07    0.15599E-23    0.10449E-24    0.60480E-25    0.64233E-25   -0.14303E-20   -0.59422E-13
    0.35300E+07    0.17723E-23    0.11593E-24    0.60657E-25    0.32870E-25   -0.14901E-20   -0.59591E-13
    0.35350E+07    0.20061E-23    0.13131E-24    0.61348E-25   -0.16565E-27   -0.15815E-20   -0.59760E-13
    0.35400E+07    0.22616E-23    0.15109E-24    0.62560E-25   -0.35596E-25   -0.17053E-20   -0.59929E-13
    0.35450E+07    0.25401E-23    0.17583E-24    0.64304E-25   -0.74218E-25   -0.18631E-20   -0.60099E-13
    0.35500E+07    0.28436E-23    0.20621E-24    0.66594E-25   -0.11690E-24   -0.20575E-20   -0.60268E-13
    0.35550E+07    0.31744E-23    0.24299E-24    0.69450E-25   -0.16459E-24   -0.22920E-20   -0.60438E-13
    0.35600E+07    0.35356E-23    0.28702E-24    0.72897E-25   -0.21830E-24   -0.25707E-20   -0.60608E-13
    0.35650E+07    0.39306E-23    0.33926E-24    0.76966E-25   -0.27912E-24   -0.28983E-20   -0.60779E-13
    0.35700E+07    0.43634E-23    0.40076E-24    0.81695E-25   -0.34822E-24   -0.32805E-20   -0.60949E-13
    0.35750E+07    0.48385E-23    0.47265E-24    0.87126E-25   -0.42686E-24   -0.37235E-20   -0.61120E-13
    0.35800E+07    0.53611E-23    0.55621E-24    0.93313E-25   -0.51640E-24   -0.42343E-20   -0.61291E-13
    0.35850E+07    0.59367E-23    0.65282E-24    0.10031E-24   -0.61830E-24   -0.48208E-20   -0.61463E-13
    0.35900E+07    0.65715E-23    0.76398E-24    0.10820E-24   -0.73415E-24   -0.54915E-20   -0.61634E-13
    0.35950E+07    0.72726E-23    0.89135E-24    0.11704E-24   -0.86568E-24   -0.62560E-20   -0.61806E-13
    0.36000E+07    0.80474E-23    0.10368E-23    0.12694E-24   -0.10148E-23   -0.71247E-20   -0.61978E-13
    0.36050E+07    0.89044E-23    0.12022E-23    0.13798E-24   -0.11834E-23   -0.81092E-20   -0.62150E-13
    0.36100E+07    0.98527E-23    0.13898E-23    0.15028E-24   -0.13740E-23   -0.92221E-20   -0.62323E-13
    0.36150E+07    0.10903E-22    0.16021E-23    0.16397E-24   -0.15887E-23   -0.10478E-19   -0.62496E-13
    0.36200E+07    0.12065E-22    0.18416E-23    0.17918E-24   -0.18305E-23   -0.11891E-19   -0.62668E-13
    0.36250E+07    0.13353E-22    0.21113E-23    0.19607E-24   -0.21021E-23   -0.13479E-19   -0.62842E-13
    0.36300E+07    0.14779E-22    0.24144E-23    0.21481E-24   -0.24069E-23   -0.15260E-19   -0.63015E-13
    0.36300E+07    0.14779E-22    0.24144E-23    0.21481E-24   -0.24069E-23   -0.15260E-19   -0.63015E-13
    0.36350E+07    0.16369E-22    0.27555E-23    0.23553E-24   -0.27495E-23   -0.17249E-19   -0.63189E-13
    0.36400E+07    0.18130E-22    0.31378E-23    0.25852E-24   -0.31332E-23   -0.19474E-19   -0.63363E-13
    0.36450E+07    0.20082E-22    0.35658E-23    0.28402E-24   -0.35624E-23   -0.21961E-19   -0.63537E-13
    0.36500E+07    0.22245E-22    0.40444E-23    0.31228E-24   -0.40419E-23   -0.24738E-19   -0.63712E-13
    0.36550E+07    0.24641E-22    0.45789E-23    0.34360E-24   -0.45771E-23   -0.27835E-19   -0.63886E-13
    0.36600E+07    0.27296E-22    0.51750E-23    0.37829E-24   -0.51739E-23   -0.31285E-19   -0.64061E-13
    0.36650E+07    0.30235E-22    0.58393E-23    0.41673E-24   -0.58387E-23   -0.35126E-19   -0.64236E-13
    0.36700E+07    0.33490E-22    0.65789E-23    0.45929E-24   -0.65787E-23   -0.39396E-19   -0.64412E-13
    0.36750E+07    0.37095E-22    0.74017E-23    0.50642E-24   -0.74017E-23   -0.44142E-19   -0.64587E-13
    0.36800E+07    0.41084E-22    0.83164E-23    0.55858E-24   -0.83164E-23   -0.49413E-19   -0.64763E-13
    0.36850E+07    0.45500E-22    0.93325E-23    0.61632E-24   -0.93324E-23   -0.55262E-19   -0.64939E-13
    0.36900E+07    0.50385E-22    0.10460E-22    0.68022E-24   -0.10460E-22   -0.61749E-19   -0.65116E-13
    0.36950E+07    0.55791E-22    0.11712E-22    0.75091E-24   -0.11711E-22   -0.68940E-19   -0.65292E-13
    0.37000E+07    0.61770E-22    0.13100E-22    0.82912E-24   -0.13099E-22   -0.76908E-19   -0.65469E-13
    0.37050E+07    0.68383E-22    0.14638E-22    0.91561E-24   -0.14637E-22   -0.85732E-19   -0.65646E-13
    0.37100E+07    0.75695E-22    0.16343E-22    0.10113E-23   -0.16341E-22   -0.95499E-19   -0.65823E-13
    0.37150E+07    0.83778E-22    0.18231E-22    0.11170E-23   -0.18227E-22   -0.10631E-18   -0.66001E-13
    0.37200E+07    0.92712E-22    0.20320E-22    0.12340E-23   -0.20316E-22   -0.11826E-18   -0.66179E-13
    0.37250E+07    0.10259E-21    0.22633E-22    0.13632E-23   -0.22627E-22   -0.13148E-18   -0.66357E-13
    0.37300E+07    0.11350E-21    0.25191E-22    0.15060E-23   -0.25184E-22   -0.14609E-18   -0.66535E-13
    0.37350E+07    0.12555E-21    0.28020E-22    0.16639E-23   -0.28012E-22   -0.16223E-18   -0.66713E-13
    0.37400E+07    0.13886E-21    0.31148E-22    0.18382E-23   -0.31138E-22   -0.18006E-18   -0.66892E-13
    0.37450E+07    0.15356E-21    0.34605E-22    0.20308E-23   -0.34593E-22   -0.19975E-18   -0.67071E-13
    0.37500E+07    0.16979E-21    0.38425E-22    0.22435E-23   -0.38411E-22   -0.22149E-18   -0.67250E-13
    0.37550E+07    0.18771E-21    0.42645E-22    0.24784E-23   -0.42628E-22   -0.24548E-18   -0.67430E-13
    0.37600E+07    0.20749E-21    0.47305E-22    0.27377E-23   -0.47285E-22   -0.27196E-18   -0.67610E-13
    0.37650E+07    0.22931E-21    0.52450E-22    0.30240E-23   -0.52427E-22   -0.30116E-18   -0.67789E-13
    0.37700E+07    0.25340E-21    0.58130E-22    0.33399E-23   -0.58103E-22   -0.33338E-18   -0.67970E-13
    0.37750E+07    0.27996E-21    0.64398E-22    0.36886E-23   -0.64367E-22   -0.36889E-18   -0.68150E-13
    0.37800E+07    0.30926E-21    0.71313E-22    0.40733E-23   -0.71279E-22   -0.40805E-18   -0.68331E-13
    0.37850E+07    0.34158E-21    0.78943E-22    0.44976E-23   -0.78903E-22   -0.45121E-18   -0.68512E-13
    0.37900E+07    0.37721E-21    0.87357E-22    0.49657E-23   -0.87312E-22   -0.49877E-18   -0.68693E-13
    0.37950E+07    0.41650E-21    0.96635E-22    0.54818E-23   -0.96584E-22   -0.55117E-18   -0.68874E-13
    0.38000E+07    0.45980E-21    0.10686E-21    0.60509E-23   -0.10681E-21   -0.60888E-18   -0.69056E-13
    0.38050E+07    0.50751E-21    0.11814E-21    0.66783E-23   -0.11807E-21   -0.67245E-18   -0.69238E-13
    0.38100E+07    0.56010E-21    0.13056E-21    0.73698E-23   -0.13049E-21   -0.74244E-18   -0.69420E-13
    0.38150E+07    0.61803E-21    0.14426E-21    0.81319E-23   -0.14417E-21   -0.81949E-18   -0.69602E-13
    0.38200E+07    0.68184E-21    0.15934E-21    0.89716E-23   -0.15925E-21   -0.90431E-18   -0.69784E-13
    0.38250E+07    0.75212E-21    0.17595E-21    0.98968E-23   -0.17585E-21   -0.99764E-18   -0.69967E-13
    0.38300E+07    0.82951E-21    0.19424E-21    0.10916E-22   -0.19413E-21   -0.11003E-17   -0.70150E-13
    0.38350E+07    0.91472E-21    0.21439E-21    0.12038E-22   -0.21426E-21   -0.12133E-17   -0.70334E-13
    0.38400E+07    0.10085E-20    0.23656E-21    0.13274E-22   -0.23642E-21   -0.13376E-17   -0.70517E-13
    0.38450E+07    0.11118E-20    0.26097E-21    0.14635E-22   -0.26081E-21   -0.14742E-17   -0.70701E-13
    0.38500E+07    0.12254E-20    0.28783E-21    0.16132E-22   -0.28764E-21   -0.16245E-17   -0.70885E-13
    0.38550E+07    0.13504E-20    0.31738E-21    0.17781E-22   -0.31718E-21   -0.17897E-17   -0.71069E-13
    0.38600E+07    0.14879E-20    0.34989E-21    0.19595E-22   -0.34966E-21   -0.19712E-17   -0.71254E-13
    0.38650E+07    0.16391E-20    0.38564E-21    0.21591E-22   -0.38540E-21   -0.21708E-17   -0.71438E-13
    0.38700E+07    0.18055E-20    0.42497E-21    0.23787E-22   -0.42469E-21   -0.23900E-17   -0.71623E-13
    0.38750E+07    0.19884E-20    0.46821E-21    0.26202E-22   -0.46790E-21   -0.26309E-17   -0.71808E-13
    0.38800E+07    0.21895E-20    0.51575E-21    0.28858E-22   -0.51540E-21   -0.28954E-17   -0.71994E-13
    0.38850E+07    0.24105E-20    0.56800E-21    0.31779E-22   -0.56762E-21   -0.31860E-17   -0.72180E-13
    0.38900E+07    0.26534E-20    0.62542E-21    0.34990E-22   -0.62500E-21   -0.35050E-17   -0.72365E-13
    0.38950E+07    0.29204E-20    0.68852E-21    0.38519E-22   -0.68805E-21   -0.38553E-17   -0.72552E-13
    0.39000E+07    0.32137E-20    0.75785E-21    0.42399E-22   -0.75733E-21   -0.42398E-17   -0.72738E-13
    0.39050E+07    0.35358E-20    0.83400E-21    0.46661E-22   -0.83342E-21   -0.46618E-17   -0.72925E-13
    0.39100E+07    0.38897E-20    0.91764E-21    0.51345E-22   -0.91700E-21   -0.51249E-17   -0.73111E-13
    0.39150E+07    0.42783E-20    0.10095E-20    0.56490E-22   -0.10088E-20   -0.56330E-17   -0.73299E-13
    0.39200E+07    0.47051E-20    0.11103E-20    0.62140E-22   -0.11095E-20   -0.61903E-17   -0.73486E-13
    0.39250E+07    0.51735E-20    0.12210E-20    0.68346E-22   -0.12202E-20   -0.68016E-17   -0.73674E-13
    0.39300E+07    0.56877E-20    0.13425E-20    0.75160E-22   -0.13416E-20   -0.74720E-17   -0.73861E-13
    0.39350E+07    0.62520E-20    0.14759E-20    0.82641E-22   -0.14748E-20   -0.82072E-17   -0.74049E-13
    0.39400E+07    0.68713E-20    0.16222E-20    0.90852E-22   -0.16210E-20   -0.90131E-17   -0.74238E-13
    0.39450E+07    0.75507E-20    0.17827E-20    0.99864E-22   -0.17814E-20   -0.98964E-17   -0.74426E-13
    0.39500E+07    0.82959E-20    0.19588E-20    0.10975E-21   -0.19574E-20   -0.10865E-16   -0.74615E-13
    0.39550E+07    0.91134E-20    0.21519E-20    0.12060E-21   -0.21503E-20   -0.11925E-16   -0.74804E-13
    0.39600E+07    0.10010E-19    0.23637E-20    0.13251E-21   -0.23619E-20   -0.13088E-16   -0.74993E-13
    0.39650E+07    0.10993E-19    0.25959E-20    0.14556E-21   -0.25939E-20   -0.14361E-16   -0.75183E-13
    0.39700E+07    0.12070E-19    0.28504E-20    0.15988E-21   -0.28482E-20   -0.15755E-16   -0.75373E-13
    0.39750E+07    0.13251E-19    0.31293E-20    0.17558E-21   -0.31269E-20   -0.17282E-16   -0.75563E-13
    0.39800E+07    0.14546E-19    0.34350E-20    0.19279E-21   -0.34324E-20   -0.18955E-16   -0.75753E-13
    0.39850E+07    0.15964E-19    0.37700E-20    0.21165E-21   -0.37671E-20   -0.20785E-16   -0.75943E-13
    0.39900E+07    0.17518E-19    0.41370E-20    0.23233E-21   -0.41338E-20   -0.22789E-16   -0.76134E-13
    0.39950E+07    0.19221E-19    0.45390E-20    0.25498E-21   -0.45354E-20   -0.24982E-16   -0.76325E-13
    0.40000E+07    0.21085E-19    0.49793E-20    0.27981E-21   -0.49753E-20   -0.27381E-16   -0.76516E-13
    0.40050E+07    0.23127E-19    0.54614E-20    0.30700E-21   -0.54570E-20   -0.30007E-16   -0.76707E-13
    0.40100E+07    0.25363E-19    0.59893E-20    0.33679E-21   -0.59844E-20   -0.32878E-16   -0.76899E-13
    0.40150E+07    0.27810E-19    0.65672E-20    0.36941E-21   -0.65618E-20   -0.36020E-16   -0.77091E-13
    0.40200E+07    0.30490E-19    0.71997E-20    0.40513E-21   -0.71938E-20   -0.39455E-16   -0.77283E-13
    0.40250E+07    0.33422E-19    0.78918E-20    0.44423E-21   -0.78853E-20   -0.43211E-16   -0.77475E-13
    0.40300E+07    0.36631E-19    0.86493E-20    0.48704E-21   -0.86421E-20   -0.47317E-16   -0.77668E-13
    0.40350E+07    0.40141E-19    0.94779E-20    0.53389E-21   -0.94700E-20   -0.51806E-16   -0.77861E-13
    0.40400E+07    0.43982E-19    0.10384E-19    0.58516E-21   -0.10376E-19   -0.56711E-16   -0.78054E-13
    0.40450E+07    0.48183E-19    0.11376E-19    0.64126E-21   -0.11366E-19   -0.62071E-16   -0.78247E-13
    0.40500E+07    0.52777E-19    0.12460E-19    0.70263E-21   -0.12449E-19   -0.67928E-16   -0.78441E-13
    0.40550E+07    0.57800E-19    0.13645E-19    0.76977E-21   -0.13634E-19   -0.74326E-16   -0.78635E-13
    0.40600E+07    0.63292E-19    0.14941E-19    0.84319E-21   -0.14928E-19   -0.81314E-16   -0.78829E-13
    0.40650E+07    0.69295E-19    0.16358E-19    0.92347E-21   -0.16344E-19   -0.88946E-16   -0.79023E-13
    0.40700E+07    0.75857E-19    0.17906E-19    0.10112E-20   -0.17890E-19   -0.97280E-16   -0.79217E-13
    0.40750E+07    0.83027E-19    0.19598E-19    0.11072E-20   -0.19580E-19   -0.10638E-15   -0.79412E-13
    0.40800E+07    0.90861E-19    0.21446E-19    0.12121E-20   -0.21427E-19   -0.11631E-15   -0.79607E-13
    0.40850E+07    0.99420E-19    0.23465E-19    0.13267E-20   -0.23444E-19   -0.12715E-15   -0.79802E-13
    0.40900E+07    0.10877E-18    0.25670E-19    0.14520E-20   -0.25647E-19   -0.13898E-15   -0.79998E-13
    0.40950E+07    0.11898E-18    0.28079E-19    0.15888E-20   -0.28053E-19   -0.15188E-15   -0.80194E-13
    0.41000E+07    0.13013E-18    0.30709E-19    0.17383E-20   -0.30681E-19   -0.16596E-15   -0.80390E-13
    0.41050E+07    0.14230E-18    0.33580E-19    0.19015E-20   -0.33549E-19   -0.18132E-15   -0.80586E-13
    0.41100E+07    0.15559E-18    0.36714E-19    0.20798E-20   -0.36680E-19   -0.19807E-15   -0.80782E-13
    0.41150E+07    0.17010E-18    0.40135E-19    0.22745E-20   -0.40097E-19   -0.21633E-15   -0.80979E-13
    0.41200E+07    0.18593E-18    0.43868E-19    0.24870E-20   -0.43827E-19   -0.23625E-15   -0.81176E-13
    0.41250E+07    0.20320E-18    0.47941E-19    0.27190E-20   -0.47896E-19   -0.25796E-15   -0.81373E-13
    0.41300E+07    0.22204E-18    0.52385E-19    0.29722E-20   -0.52335E-19   -0.28162E-15   -0.81570E-13
    0.41350E+07    0.24260E-18    0.57232E-19    0.32485E-20   -0.57177E-19   -0.30741E-15   -0.81768E-13
    0.41400E+07    0.26502E-18    0.62519E-19    0.35500E-20   -0.62458E-19   -0.33550E-15   -0.81966E-13
    0.41450E+07    0.28947E-18    0.68283E-19    0.38789E-20   -0.68217E-19   -0.36611E-15   -0.82164E-13
    0.41500E+07    0.31613E-18    0.74569E-19    0.42377E-20   -0.74495E-19   -0.39946E-15   -0.82362E-13
    0.41550E+07    0.34520E-18    0.81421E-19    0.46289E-20   -0.81340E-19   -0.43578E-15   -0.82561E-13
    0.41600E+07    0.37688E-18    0.88890E-19    0.50555E-20   -0.88801E-19   -0.47533E-15   -0.82759E-13
    0.41650E+07    0.41142E-18    0.97030E-19    0.55207E-20   -0.96932E-19   -0.51840E-15   -0.82958E-13
    0.41700E+07    0.44905E-18    0.10590E-18    0.60278E-20   -0.10579E-18   -0.56528E-15   -0.83158E-13
    0.41750E+07    0.49005E-18    0.11556E-18    0.65806E-20   -0.11545E-18   -0.61632E-15   -0.83357E-13
    0.41800E+07    0.53472E-18    0.12609E-18    0.71830E-20   -0.12596E-18   -0.67187E-15   -0.83557E-13
    0.41850E+07    0.58337E-18    0.13756E-18    0.78394E-20   -0.13742E-18   -0.73231E-15   -0.83757E-13
    0.41900E+07    0.63636E-18    0.15005E-18    0.85545E-20   -0.14989E-18   -0.79807E-15   -0.83957E-13
    0.41950E+07    0.69406E-18    0.16365E-18    0.93336E-20   -0.16347E-18   -0.86962E-15   -0.84158E-13
    0.42000E+07    0.75689E-18    0.17845E-18    0.10182E-19   -0.17826E-18   -0.94744E-15   -0.84358E-13
    0.42050E+07    0.82529E-18    0.19457E-18    0.11106E-19   -0.19436E-18   -0.10321E-14   -0.84559E-13
    0.42100E+07    0.89973E-18    0.21211E-18    0.12113E-19   -0.21188E-18   -0.11241E-14   -0.84760E-13
    0.42150E+07    0.98075E-18    0.23120E-18    0.13208E-19   -0.23095E-18   -0.12242E-14   -0.84962E-13
    0.42200E+07    0.10689E-17    0.25197E-18    0.14401E-19   -0.25170E-18   -0.13330E-14   -0.85164E-13
    0.42250E+07    0.11648E-17    0.27457E-18    0.15699E-19   -0.27427E-18   -0.14512E-14   -0.85365E-13
    0.42300E+07    0.12692E-17    0.29915E-18    0.17112E-19   -0.29882E-18   -0.15797E-14   -0.85567E-13
    0.42350E+07    0.13827E-17    0.32589E-18    0.18649E-19   -0.32553E-18   -0.17193E-14   -0.85770E-13
    0.42400E+07    0.15061E-17    0.35497E-18    0.20321E-19   -0.35457E-18   -0.18710E-14   -0.85972E-13
    0.42450E+07    0.16403E-17    0.38659E-18    0.22140E-19   -0.38615E-18   -0.20358E-14   -0.86175E-13
    0.42500E+07    0.17863E-17    0.42096E-18    0.24119E-19   -0.42048E-18   -0.22148E-14   -0.86378E-13
    0.42550E+07    0.19449E-17    0.45833E-18    0.26271E-19   -0.45780E-18   -0.24092E-14   -0.86581E-13
    0.42600E+07    0.21173E-17    0.49894E-18    0.28611E-19   -0.49836E-18   -0.26202E-14   -0.86785E-13
    0.42650E+07    0.23047E-17    0.54307E-18    0.31155E-19   -0.54243E-18   -0.28494E-14   -0.86989E-13
    0.42700E+07    0.25083E-17    0.59103E-18    0.33920E-19   -0.59033E-18   -0.30981E-14   -0.87193E-13
    0.42750E+07    0.27295E-17    0.64312E-18    0.36925E-19   -0.64236E-18   -0.33681E-14   -0.87397E-13
    0.42800E+07    0.29698E-17    0.69971E-18    0.40191E-19   -0.69887E-18   -0.36611E-14   -0.87601E-13
    0.42850E+07    0.32308E-17    0.76118E-18    0.43741E-19   -0.76025E-18   -0.39790E-14   -0.87806E-13
    0.42900E+07    0.35143E-17    0.82792E-18    0.47596E-19   -0.82691E-18   -0.43239E-14   -0.88011E-13
    0.42950E+07    0.38221E-17    0.90040E-18    0.51785E-19   -0.89929E-18   -0.46980E-14   -0.88216E-13
    0.43000E+07    0.41562E-17    0.97908E-18    0.56334E-19   -0.97786E-18   -0.51038E-14   -0.88421E-13
    0.43050E+07    0.45189E-17    0.10645E-17    0.61274E-19   -0.10632E-17   -0.55438E-14   -0.88627E-13
    0.43100E+07    0.49126E-17    0.11572E-17    0.66638E-19   -0.11557E-17   -0.60209E-14   -0.88832E-13
    0.43150E+07    0.53399E-17    0.12578E-17    0.72462E-19   -0.12562E-17   -0.65381E-14   -0.89038E-13
    0.43200E+07    0.58035E-17    0.13669E-17    0.78784E-19   -0.13652E-17   -0.70988E-14   -0.89244E-13
    0.43250E+07    0.63064E-17    0.14853E-17    0.85646E-19   -0.14834E-17   -0.77065E-14   -0.89451E-13
    0.43300E+07    0.68520E-17    0.16138E-17    0.93092E-19   -0.16117E-17   -0.83651E-14   -0.89657E-13
    0.43350E+07    0.74438E-17    0.17531E-17    0.10117E-18   -0.17508E-17   -0.90786E-14   -0.89864E-13
    0.43400E+07    0.80855E-17    0.19041E-17    0.10994E-18   -0.19016E-17   -0.98516E-14   -0.90071E-13
    0.43450E+07    0.87814E-17    0.20679E-17    0.11945E-18   -0.20652E-17   -0.10689E-13   -0.90279E-13
    0.43500E+07    0.95358E-17    0.22455E-17    0.12976E-18   -0.22425E-17   -0.11596E-13   -0.90486E-13
    0.43550E+07    0.10354E-16    0.24380E-17    0.14095E-18   -0.24347E-17   -0.12578E-13   -0.90694E-13
    0.43600E+07    0.11240E-16    0.26466E-17    0.15307E-18   -0.26430E-17   -0.13641E-13   -0.90901E-13
    0.43650E+07    0.12201E-16    0.28727E-17    0.16622E-18   -0.28688E-17   -0.14792E-13   -0.91109E-13
    0.43700E+07    0.13241E-16    0.31177E-17    0.18048E-18   -0.31134E-17   -0.16038E-13   -0.91318E-13
    0.43750E+07    0.14369E-16    0.33831E-17    0.19592E-18   -0.33784E-17   -0.17387E-13   -0.91526E-13
    0.43800E+07    0.15590E-16    0.36706E-17    0.21267E-18   -0.36654E-17   -0.18846E-13   -0.91735E-13
    0.43850E+07    0.16914E-16    0.39819E-17    0.23081E-18   -0.39763E-17   -0.20425E-13   -0.91943E-13
    0.43900E+07    0.18346E-16    0.43191E-17    0.25046E-18   -0.43129E-17   -0.22133E-13   -0.92152E-13
    0.43950E+07    0.19898E-16    0.46842E-17    0.27176E-18   -0.46774E-17   -0.23980E-13   -0.92361E-13
    0.44000E+07    0.21577E-16    0.50794E-17    0.29482E-18   -0.50721E-17   -0.25979E-13   -0.92570E-13
    0.44050E+07    0.23395E-16    0.55073E-17    0.31979E-18   -0.54992E-17   -0.28139E-13   -0.92780E-13
    0.44100E+07    0.25363E-16    0.59704E-17    0.34684E-18   -0.59616E-17   -0.30476E-13   -0.92989E-13
    0.44150E+07    0.27493E-16    0.64715E-17    0.37612E-18   -0.64619E-17   -0.33001E-13   -0.93199E-13
    0.44200E+07    0.29798E-16    0.70137E-17    0.40782E-18   -0.70032E-17   -0.35731E-13   -0.93409E-13
    0.44250E+07    0.32291E-16    0.76004E-17    0.44212E-18   -0.75889E-17   -0.38682E-13   -0.93619E-13
    0.44300E+07    0.34988E-16    0.82350E-17    0.47926E-18   -0.82224E-17   -0.41870E-13   -0.93829E-13
    0.44350E+07    0.37905E-16    0.89213E-17    0.51943E-18   -0.89076E-17   -0.45315E-13   -0.94039E-13
    0.44400E+07    0.41060E-16    0.96636E-17    0.56290E-18   -0.96486E-17   -0.49037E-13   -0.94249E-13
    0.44450E+07    0.44471E-16    0.10466E-16    0.60993E-18   -0.10450E-16   -0.53057E-13   -0.94459E-13
    0.44500E+07    0.48159E-16    0.11334E-16    0.66080E-18   -0.11316E-16   -0.57398E-13   -0.94669E-13
    0.44550E+07    0.52146E-16    0.12272E-16    0.71581E-18   -0.12252E-16   -0.62086E-13   -0.94880E-13
    0.44600E+07    0.56455E-16    0.13286E-16    0.77530E-18   -0.13264E-16   -0.67148E-13   -0.95090E-13
    0.44650E+07    0.61112E-16    0.14381E-16    0.83962E-18   -0.14358E-16   -0.72612E-13   -0.95301E-13
    0.44700E+07    0.66145E-16    0.15565E-16    0.90915E-18   -0.15540E-16   -0.78511E-13   -0.95511E-13
    0.44750E+07    0.71582E-16    0.16844E-16    0.98431E-18   -0.16816E-16   -0.84877E-13   -0.95721E-13
    0.44800E+07    0.77455E-16    0.18226E-16    0.10655E-17   -0.18196E-16   -0.91746E-13   -0.95932E-13
    0.44850E+07    0.83799E-16    0.19718E-16    0.11533E-17   -0.19685E-16   -0.99158E-13   -0.96142E-13
    0.44900E+07    0.90651E-16    0.21330E-16    0.12482E-17   -0.21294E-16   -0.10715E-12   -0.96352E-13
    0.44950E+07    0.98049E-16    0.23070E-16    0.13506E-17   -0.23031E-16   -0.11578E-12   -0.96562E-13
    0.45000E+07    0.10604E-15    0.24949E-16    0.14613E-17   -0.24906E-16   -0.12508E-12   -0.96772E-13
    0.45050E+07    0.11466E-15    0.26977E-16    0.15809E-17   -0.26931E-16   -0.13511E-12   -0.96982E-13
    0.45100E+07    0.12397E-15    0.29167E-16    0.17100E-17   -0.29116E-16   -0.14592E-12   -0.97192E-13
    0.45150E+07    0.13401E-15    0.31530E-16    0.18493E-17   -0.31474E-16   -0.15758E-12   -0.97401E-13
    0.45200E+07    0.14485E-15    0.34079E-16    0.19998E-17   -0.34019E-16   -0.17015E-12   -0.97610E-13
    0.45250E+07    0.15655E-15    0.36830E-16    0.21623E-17   -0.36764E-16   -0.18369E-12   -0.97819E-13
    0.45300E+07    0.16916E-15    0.39798E-16    0.23376E-17   -0.39726E-16   -0.19829E-12   -0.98027E-13
    0.45350E+07    0.18277E-15    0.42999E-16    0.25268E-17   -0.42920E-16   -0.21401E-12   -0.98235E-13
    0.45400E+07    0.19745E-15    0.46451E-16    0.27310E-17   -0.46365E-16   -0.23096E-12   -0.98443E-13
    0.45450E+07    0.21328E-15    0.50174E-16    0.29512E-17   -0.50080E-16   -0.24920E-12   -0.98650E-13
    0.45500E+07    0.23034E-15    0.54188E-16    0.31888E-17   -0.54086E-16   -0.26886E-12   -0.98856E-13
    0.45550E+07    0.24874E-15    0.58515E-16    0.34451E-17   -0.58404E-16   -0.29002E-12   -0.99062E-13
    0.45600E+07    0.26857E-15    0.63179E-16    0.37215E-17   -0.63058E-16   -0.31281E-12   -0.99267E-13
    0.45650E+07    0.28994E-15    0.68206E-16    0.40196E-17   -0.68074E-16   -0.33734E-12   -0.99472E-13
    0.45700E+07    0.31298E-15    0.73623E-16    0.43409E-17   -0.73480E-16   -0.36374E-12   -0.99675E-13
    0.45750E+07    0.33779E-15    0.79460E-16    0.46873E-17   -0.79304E-16   -0.39216E-12   -0.99878E-13
    0.45800E+07    0.36453E-15    0.85748E-16    0.50607E-17   -0.85578E-16   -0.42274E-12   -0.10008E-12
    0.45850E+07    0.39333E-15    0.92521E-16    0.54631E-17   -0.92336E-16   -0.45565E-12   -0.10028E-12
    0.45900E+07    0.42435E-15    0.99816E-16    0.58967E-17   -0.99615E-16   -0.49104E-12   -0.10048E-12
    0.45950E+07    0.45775E-15    0.10767E-15    0.63639E-17   -0.10745E-15   -0.52911E-12   -0.10068E-12
    0.46000E+07    0.49371E-15    0.11613E-15    0.68672E-17   -0.11589E-15   -0.57006E-12   -0.10087E-12
    0.46050E+07    0.53244E-15    0.12524E-15    0.74093E-17   -0.12498E-15   -0.61410E-12   -0.10107E-12
    0.46100E+07    0.57412E-15    0.13504E-15    0.79932E-17   -0.13476E-15   -0.66145E-12   -0.10126E-12
    0.46150E+07    0.61898E-15    0.14559E-15    0.86220E-17   -0.14529E-15   -0.71235E-12   -0.10146E-12
    0.46200E+07    0.66726E-15    0.15695E-15    0.92990E-17   -0.15661E-15   -0.76707E-12   -0.10165E-12
    0.46250E+07    0.71921E-15    0.16917E-15    0.10028E-16   -0.16880E-15   -0.82587E-12   -0.10183E-12
    0.46300E+07    0.77510E-15    0.18231E-15    0.10812E-16   -0.18192E-15   -0.88907E-12   -0.10202E-12
    0.46350E+07    0.83522E-15    0.19645E-15    0.11657E-16   -0.19602E-15   -0.95696E-12   -0.10220E-12
    0.46400E+07    0.89989E-15    0.21166E-15    0.12566E-16   -0.21119E-15   -0.10299E-11   -0.10238E-12
    0.46450E+07    0.96943E-15    0.22802E-15    0.13543E-16   -0.22751E-15   -0.11083E-11   -0.10256E-12
    0.46500E+07    0.10442E-14    0.24561E-15    0.14595E-16   -0.24506E-15   -0.11924E-11   -0.10273E-12
    0.46550E+07    0.11246E-14    0.26452E-15    0.15727E-16   -0.26392E-15   -0.12828E-11   -0.10290E-12
    0.46600E+07    0.12110E-14    0.28485E-15    0.16944E-16   -0.28419E-15   -0.13798E-11   -0.10307E-12
    0.46650E+07    0.13039E-14    0.30670E-15    0.18253E-16   -0.30599E-15   -0.14840E-11   -0.10323E-12
    0.46700E+07    0.14038E-14    0.33018E-15    0.19661E-16   -0.32941E-15   -0.15958E-11   -0.10339E-12
    0.46750E+07    0.15111E-14    0.35542E-15    0.21174E-16   -0.35458E-15   -0.17158E-11   -0.10355E-12
    0.46800E+07    0.16263E-14    0.38253E-15    0.22801E-16   -0.38162E-15   -0.18446E-11   -0.10370E-12
    0.46850E+07    0.17502E-14    0.41166E-15    0.24549E-16   -0.41067E-15   -0.19827E-11   -0.10384E-12
    0.46900E+07    0.18832E-14    0.44294E-15    0.26429E-16   -0.44187E-15   -0.21310E-11   -0.10398E-12
    0.46950E+07    0.20260E-14    0.47654E-15    0.28448E-16   -0.47537E-15   -0.22900E-11   -0.10411E-12
    0.47000E+07    0.21794E-14    0.51262E-15    0.30618E-16   -0.51136E-15   -0.24605E-11   -0.10424E-12
    0.47050E+07    0.23441E-14    0.55137E-15    0.32949E-16   -0.54999E-15   -0.26434E-11   -0.10436E-12
    0.47100E+07    0.25209E-14    0.59296E-15    0.35452E-16   -0.59146E-15   -0.28395E-11   -0.10447E-12
    0.47150E+07    0.27107E-14    0.63761E-15    0.38141E-16   -0.63598E-15   -0.30497E-11   -0.10458E-12
    0.47200E+07    0.29144E-14    0.68552E-15    0.41029E-16   -0.68376E-15   -0.32751E-11   -0.10467E-12
    0.47250E+07    0.31329E-14    0.73694E-15    0.44129E-16   -0.73503E-15   -0.35165E-11   -0.10476E-12
    0.47300E+07    0.33674E-14    0.79212E-15    0.47458E-16   -0.79004E-15   -0.37754E-11   -0.10483E-12
    0.47350E+07    0.36190E-14    0.85131E-15    0.51031E-16   -0.84906E-15   -0.40527E-11   -0.10490E-12
    0.47400E+07    0.38889E-14    0.91480E-15    0.54866E-16   -0.91236E-15   -0.43497E-11   -0.10495E-12
    0.47450E+07    0.41784E-14    0.98291E-15    0.58981E-16   -0.98025E-15   -0.46680E-11   -0.10499E-12
    0.47500E+07    0.44888E-14    0.10559E-14    0.63397E-16   -0.10531E-14   -0.50088E-11   -0.10502E-12
    0.47550E+07    0.48216E-14    0.11342E-14    0.68135E-16   -0.11311E-14   -0.53737E-11   -0.10504E-12
    0.47600E+07    0.51784E-14    0.12182E-14    0.73216E-16   -0.12148E-14   -0.57645E-11   -0.10504E-12
    0.47650E+07    0.55609E-14    0.13082E-14    0.78667E-16   -0.13045E-14   -0.61829E-11   -0.10502E-12
    0.47700E+07    0.59708E-14    0.14047E-14    0.84513E-16   -0.14007E-14   -0.66307E-11   -0.10498E-12
    0.47750E+07    0.64101E-14    0.15080E-14    0.90781E-16   -0.15037E-14   -0.71100E-11   -0.10493E-12
    0.47800E+07    0.68809E-14    0.16188E-14    0.97501E-16   -0.16141E-14   -0.76229E-11   -0.10486E-12
    0.47850E+07    0.73851E-14    0.17375E-14    0.10471E-15   -0.17324E-14   -0.81716E-11   -0.10477E-12
    0.47900E+07    0.79254E-14    0.18646E-14    0.11243E-15   -0.18591E-14   -0.87587E-11   -0.10465E-12
    0.47950E+07    0.85040E-14    0.20008E-14    0.12070E-15   -0.19949E-14   -0.93866E-11   -0.10451E-12
    0.48000E+07    0.91236E-14    0.21467E-14    0.12957E-15   -0.21402E-14   -0.10058E-10   -0.10434E-12
    0.48050E+07    0.97871E-14    0.23028E-14    0.13907E-15   -0.22958E-14   -0.10776E-10   -0.10415E-12
    0.48100E+07    0.10497E-13    0.24700E-14    0.14925E-15   -0.24624E-14   -0.11544E-10   -0.10392E-12
    0.48150E+07    0.11258E-13    0.26490E-14    0.16016E-15   -0.26408E-14   -0.12365E-10   -0.10367E-12
    0.48200E+07    0.12072E-13    0.28406E-14    0.17183E-15   -0.28317E-14   -0.13243E-10   -0.10338E-12
    0.48250E+07    0.12943E-13    0.30457E-14    0.18434E-15   -0.30360E-14   -0.14181E-10   -0.10305E-12
    0.48300E+07    0.13875E-13    0.32651E-14    0.19773E-15   -0.32546E-14   -0.15183E-10   -0.10269E-12
    0.48350E+07    0.14872E-13    0.34999E-14    0.21206E-15   -0.34885E-14   -0.16254E-10   -0.10228E-12
    0.48400E+07    0.15939E-13    0.37510E-14    0.22740E-15   -0.37387E-14   -0.17397E-10   -0.10183E-12
    0.48450E+07    0.17080E-13    0.40197E-14    0.24382E-15   -0.40064E-14   -0.18619E-10   -0.10134E-12
    0.48500E+07    0.18300E-13    0.43070E-14    0.26140E-15   -0.42926E-14   -0.19924E-10   -0.10079E-12
    0.48550E+07    0.19605E-13    0.46142E-14    0.28020E-15   -0.45987E-14   -0.21318E-10   -0.10019E-12
    0.48600E+07    0.20999E-13    0.49428E-14    0.30032E-15   -0.49259E-14   -0.22806E-10   -0.99532E-13
    0.48650E+07    0.22491E-13    0.52940E-14    0.32183E-15   -0.52757E-14   -0.24394E-10   -0.98814E-13
    0.48700E+07    0.24085E-13    0.56694E-14    0.34485E-15   -0.56496E-14   -0.26089E-10   -0.98031E-13
    0.48750E+07    0.25788E-13    0.60706E-14    0.36946E-15   -0.60492E-14   -0.27898E-10   -0.97178E-13
    0.48800E+07    0.27608E-13    0.64994E-14    0.39578E-15   -0.64762E-14   -0.29829E-10   -0.96251E-13
    0.48850E+07    0.29553E-13    0.69575E-14    0.42392E-15   -0.69324E-14   -0.31888E-10   -0.95245E-13
    0.48900E+07    0.31630E-13    0.74469E-14    0.45400E-15   -0.74198E-14   -0.34086E-10   -0.94155E-13
    0.48950E+07    0.33850E-13    0.79697E-14    0.48614E-15   -0.79404E-14   -0.36429E-10   -0.92976E-13
    0.49000E+07    0.36219E-13    0.85281E-14    0.52050E-15   -0.84964E-14   -0.38929E-10   -0.91701E-13
    0.49050E+07    0.38750E-13    0.91244E-14    0.55721E-15   -0.90901E-14   -0.41594E-10   -0.90324E-13
    0.49100E+07    0.41452E-13    0.97611E-14    0.59644E-15   -0.97240E-14   -0.44435E-10   -0.88839E-13
    0.49150E+07    0.44336E-13    0.10441E-13    0.63834E-15   -0.10401E-13   -0.47464E-10   -0.87238E-13
    0.49200E+07    0.47415E-13    0.11166E-13    0.68309E-15   -0.11123E-13   -0.50692E-10   -0.85514E-13
    0.49250E+07    0.50700E-13    0.11941E-13    0.73089E-15   -0.11894E-13   -0.54132E-10   -0.83660E-13
    0.49300E+07    0.54206E-13    0.12767E-13    0.78192E-15   -0.12717E-13   -0.57798E-10   -0.81665E-13
    0.49350E+07    0.57947E-13    0.13649E-13    0.83641E-15   -0.13594E-13   -0.61703E-10   -0.79523E-13
    0.49400E+07    0.61937E-13    0.14590E-13    0.89459E-15   -0.14531E-13   -0.65864E-10   -0.77222E-13
    0.49450E+07    0.66193E-13    0.15593E-13    0.95668E-15   -0.15529E-13   -0.70295E-10   -0.74753E-13
    0.49500E+07    0.70732E-13    0.16664E-13    0.10229E-14   -0.16595E-13   -0.75013E-10   -0.72105E-13
    0.49550E+07    0.75572E-13    0.17805E-13    0.10937E-14   -0.17730E-13   -0.80036E-10   -0.69266E-13
    0.49600E+07    0.80733E-13    0.19022E-13    0.11691E-14   -0.18942E-13   -0.85384E-10   -0.66225E-13
    0.49650E+07    0.86234E-13    0.20320E-13    0.12496E-14   -0.20233E-13   -0.91077E-10   -0.62969E-13
    0.49700E+07    0.92098E-13    0.21703E-13    0.13354E-14   -0.21609E-13   -0.97136E-10   -0.59484E-13
    0.49750E+07    0.98346E-13    0.23177E-13    0.14270E-14   -0.23075E-13   -0.10358E-09   -0.55755E-13
    0.49800E+07    0.10500E-12    0.24748E-13    0.15246E-14   -0.24638E-13   -0.11044E-09   -0.51767E-13
    0.49850E+07    0.11210E-12    0.26422E-13    0.16287E-14   -0.26303E-13   -0.11774E-09   -0.47504E-13
    0.49900E+07    0.11966E-12    0.28205E-13    0.17397E-14   -0.28077E-13   -0.12550E-09   -0.42949E-13
    0.49950E+07    0.12771E-12    0.30105E-13    0.18580E-14   -0.29967E-13   -0.13375E-09   -0.38083E-13
    0.50000E+07    0.13628E-12    0.32128E-13    0.19840E-14   -0.31979E-13   -0.14253E-09   -0.32887E-13
    0.50050E+07    0.14541E-12    0.34283E-13    0.21184E-14   -0.34122E-13   -0.15186E-09   -0.27341E-13
    0.50100E+07    0.15512E-12    0.36578E-13    0.22615E-14   -0.36404E-13   -0.16178E-09   -0.21422E-13
    0.50150E+07    0.16547E-12    0.39020E-13    0.24140E-14   -0.38832E-13   -0.17232E-09   -0.15108E-13
    0.50200E+07    0.17648E-12    0.41620E-13    0.25764E-14   -0.41417E-13   -0.18352E-09   -0.83747E-14
    0.50250E+07    0.18819E-12    0.44387E-13    0.27494E-14   -0.44169E-13   -0.19542E-09   -0.11956E-14
    0.50300E+07    0.20066E-12    0.47332E-13    0.29336E-14   -0.47096E-13   -0.20807E-09    0.64561E-14
    0.50350E+07    0.21392E-12    0.50465E-13    0.31297E-14   -0.50211E-13   -0.22150E-09    0.14609E-13
    0.50400E+07    0.22803E-12    0.53799E-13    0.33385E-14   -0.53524E-13   -0.23576E-09    0.23295E-13
    0.50450E+07    0.24304E-12    0.57344E-13    0.35607E-14   -0.57048E-13   -0.25090E-09    0.32546E-13
    0.50500E+07    0.25899E-12    0.61115E-13    0.37972E-14   -0.60796E-13   -0.26698E-09    0.42395E-13
    0.50550E+07    0.27596E-12    0.65126E-13    0.40488E-14   -0.64781E-13   -0.28405E-09    0.52880E-13
    0.50600E+07    0.29400E-12    0.69390E-13    0.43166E-14   -0.69018E-13   -0.30217E-09    0.64038E-13
    0.50650E+07    0.31317E-12    0.73922E-13    0.46015E-14   -0.73522E-13   -0.32139E-09    0.75909E-13
    0.50700E+07    0.33355E-12    0.78741E-13    0.49045E-14   -0.78309E-13   -0.34179E-09    0.88538E-13
    0.50750E+07    0.35520E-12    0.83861E-13    0.52267E-14   -0.83396E-13   -0.36343E-09    0.10197E-12
    0.50800E+07    0.37820E-12    0.89303E-13    0.55693E-14   -0.88801E-13   -0.38639E-09    0.11625E-12
    0.50850E+07    0.40264E-12    0.95084E-13    0.59336E-14   -0.94543E-13   -0.41073E-09    0.13143E-12
    0.50900E+07    0.42860E-12    0.10123E-12    0.63209E-14   -0.10064E-12   -0.43654E-09    0.14756E-12
    0.50950E+07    0.45617E-12    0.10775E-12    0.67324E-14   -0.10712E-12   -0.46391E-09    0.16471E-12
    0.51000E+07    0.48544E-12    0.11468E-12    0.71699E-14   -0.11400E-12   -0.49292E-09    0.18292E-12
    0.51050E+07    0.51651E-12    0.12203E-12    0.76347E-14   -0.12130E-12   -0.52366E-09    0.20226E-12
    0.51100E+07    0.54950E-12    0.12984E-12    0.81285E-14   -0.12906E-12   -0.55624E-09    0.22280E-12
    0.51150E+07    0.58451E-12    0.13814E-12    0.86531E-14   -0.13729E-12   -0.59076E-09    0.24462E-12
    0.51200E+07    0.62166E-12    0.14694E-12    0.92102E-14   -0.14602E-12   -0.62733E-09    0.26777E-12
    0.51250E+07    0.66108E-12    0.15627E-12    0.98019E-14   -0.15529E-12   -0.66606E-09    0.29234E-12
    0.51300E+07    0.70290E-12    0.16618E-12    0.10430E-13   -0.16513E-12   -0.70708E-09    0.31841E-12
    0.51350E+07    0.74726E-12    0.17670E-12    0.11097E-13   -0.17556E-12   -0.75051E-09    0.34608E-12
    0.51400E+07    0.79431E-12    0.18785E-12    0.11805E-13   -0.18662E-12   -0.79648E-09    0.37542E-12
    0.51450E+07    0.84419E-12    0.19967E-12    0.12556E-13   -0.19835E-12   -0.84514E-09    0.40653E-12
    0.51500E+07    0.89708E-12    0.21222E-12    0.13354E-13   -0.21079E-12   -0.89665E-09    0.43953E-12
    0.51550E+07    0.95314E-12    0.22551E-12    0.14200E-13   -0.22398E-12   -0.95114E-09    0.47451E-12
    0.51600E+07    0.10126E-11    0.23961E-12    0.15097E-13   -0.23796E-12   -0.10088E-08    0.51158E-12
    0.51650E+07    0.10755E-11    0.25455E-12    0.16049E-13   -0.25278E-12   -0.10698E-08    0.55087E-12
    0.51700E+07    0.11422E-11    0.27038E-12    0.17059E-13   -0.26848E-12   -0.11343E-08    0.59249E-12
    0.51750E+07    0.12129E-11    0.28716E-12    0.18129E-13   -0.28511E-12   -0.12025E-08    0.63659E-12
    0.51800E+07    0.12878E-11    0.30494E-12    0.19264E-13   -0.30273E-12   -0.12746E-08    0.68329E-12
    0.51850E+07    0.13671E-11    0.32377E-12    0.20467E-13   -0.32139E-12   -0.13508E-08    0.73275E-12
    0.51900E+07    0.14510E-11    0.34371E-12    0.21743E-13   -0.34115E-12   -0.14314E-08    0.78511E-12
    0.51950E+07    0.15399E-11    0.36483E-12    0.23094E-13   -0.36208E-12   -0.15165E-08    0.84054E-12
    0.52000E+07    0.16340E-11    0.38719E-12    0.24526E-13   -0.38423E-12   -0.16064E-08    0.89921E-12
    0.52050E+07    0.17336E-11    0.41086E-12    0.26043E-13   -0.40768E-12   -0.17014E-08    0.96129E-12
    0.52100E+07    0.18389E-11    0.43592E-12    0.27649E-13   -0.43249E-12   -0.18018E-08    0.10270E-11
    0.52150E+07    0.19504E-11    0.46244E-12    0.29351E-13   -0.45875E-12   -0.19077E-08    0.10964E-11
    0.52200E+07    0.20683E-11    0.49049E-12    0.31153E-13   -0.48653E-12   -0.20196E-08    0.11699E-11
    0.52250E+07    0.21931E-11    0.52018E-12    0.33060E-13   -0.51592E-12   -0.21377E-08    0.12476E-11
    0.52300E+07    0.23250E-11    0.55158E-12    0.35079E-13   -0.54700E-12   -0.22623E-08    0.13298E-11
    0.52350E+07    0.24644E-11    0.58478E-12    0.37217E-13   -0.57986E-12   -0.23938E-08    0.14166E-11
    0.52400E+07    0.26118E-11    0.61990E-12    0.39478E-13   -0.61461E-12   -0.25326E-08    0.15084E-11
    0.52450E+07    0.27677E-11    0.65703E-12    0.41871E-13   -0.65134E-12   -0.26789E-08    0.16054E-11
    0.52500E+07    0.29323E-11    0.69627E-12    0.44403E-13   -0.69016E-12   -0.28333E-08    0.17078E-11
    0.52550E+07    0.31063E-11    0.73776E-12    0.47080E-13   -0.73119E-12   -0.29960E-08    0.18160E-11
    0.52600E+07    0.32901E-11    0.78159E-12    0.49912E-13   -0.77454E-12   -0.31676E-08    0.19303E-11
    0.52650E+07    0.34843E-11    0.82791E-12    0.52906E-13   -0.82033E-12   -0.33485E-08    0.20510E-11
    0.52700E+07    0.36893E-11    0.87684E-12    0.56071E-13   -0.86870E-12   -0.35391E-08    0.21784E-11
    0.52750E+07    0.39058E-11    0.92853E-12    0.59417E-13   -0.91978E-12   -0.37400E-08    0.23128E-11
    0.52800E+07    0.41344E-11    0.98310E-12    0.62953E-13   -0.97371E-12   -0.39516E-08    0.24547E-11
    0.52850E+07    0.43756E-11    0.10407E-11    0.66689E-13   -0.10306E-11   -0.41745E-08    0.26045E-11
    0.52900E+07    0.46302E-11    0.11016E-11    0.70636E-13   -0.10907E-11   -0.44092E-08    0.27624E-11
    0.52950E+07    0.48988E-11    0.11658E-11    0.74806E-13   -0.11541E-11   -0.46563E-08    0.29290E-11
    0.53000E+07    0.51822E-11    0.12336E-11    0.79210E-13   -0.12211E-11   -0.49164E-08    0.31047E-11
    0.53050E+07    0.54811E-11    0.13051E-11    0.83860E-13   -0.12916E-11   -0.51902E-08    0.32899E-11
    0.53100E+07    0.57963E-11    0.13805E-11    0.88769E-13   -0.13661E-11   -0.54783E-08    0.34851E-11
    0.53150E+07    0.61286E-11    0.14601E-11    0.93952E-13   -0.14446E-11   -0.57814E-08    0.36909E-11
    0.53200E+07    0.64790E-11    0.15440E-11    0.99421E-13   -0.15274E-11   -0.61002E-08    0.39077E-11
    0.53250E+07    0.68483E-11    0.16325E-11    0.10519E-12   -0.16147E-11   -0.64355E-08    0.41361E-11
    0.53300E+07    0.72374E-11    0.17258E-11    0.11128E-12   -0.17067E-11   -0.67880E-08    0.43767E-11
    0.53350E+07    0.76474E-11    0.18241E-11    0.11771E-12   -0.18036E-11   -0.71586E-08    0.46301E-11
    0.53400E+07    0.80793E-11    0.19278E-11    0.12448E-12   -0.19057E-11   -0.75481E-08    0.48969E-11
    0.53450E+07    0.85342E-11    0.20370E-11    0.13162E-12   -0.20133E-11   -0.79574E-08    0.51777E-11
    0.53500E+07    0.90132E-11    0.21520E-11    0.13916E-12   -0.21266E-11   -0.83874E-08    0.54733E-11
    0.53550E+07    0.95175E-11    0.22732E-11    0.14709E-12   -0.22460E-11   -0.88389E-08    0.57843E-11
    0.53600E+07    0.10048E-10    0.24008E-11    0.15546E-12   -0.23716E-11   -0.93133E-08    0.61115E-11
    0.53650E+07    0.10607E-10    0.25351E-11    0.16428E-12   -0.25038E-11   -0.98112E-08    0.64557E-11
    0.53700E+07    0.11195E-10    0.26766E-11    0.17357E-12   -0.26430E-11   -0.10334E-07    0.68176E-11
    0.53750E+07    0.11813E-10    0.28255E-11    0.18335E-12   -0.27895E-11   -0.10883E-07    0.71982E-11
    0.53800E+07    0.12464E-10    0.29821E-11    0.19365E-12   -0.29435E-11   -0.11458E-07    0.75982E-11
    0.53850E+07    0.13148E-10    0.31470E-11    0.20450E-12   -0.31056E-11   -0.12062E-07    0.80187E-11
    0.53900E+07    0.13867E-10    0.33204E-11    0.21592E-12   -0.32760E-11   -0.12695E-07    0.84604E-11
    0.53950E+07    0.14623E-10    0.35028E-11    0.22795E-12   -0.34552E-11   -0.13359E-07    0.89245E-11
    0.54000E+07    0.15417E-10    0.36945E-11    0.24060E-12   -0.36435E-11   -0.14055E-07    0.94120E-11
    0.54050E+07    0.16252E-10    0.38962E-11    0.25391E-12   -0.38415E-11   -0.14785E-07    0.99239E-11
    0.54100E+07    0.17128E-10    0.41081E-11    0.26791E-12   -0.40495E-11   -0.15549E-07    0.10461E-10
    0.54150E+07    0.18049E-10    0.43308E-11    0.28263E-12   -0.42680E-11   -0.16350E-07    0.11025E-10
    0.54200E+07    0.19016E-10    0.45648E-11    0.29812E-12   -0.44976E-11   -0.17189E-07    0.11617E-10
    0.54250E+07    0.20032E-10    0.48107E-11    0.31439E-12   -0.47386E-11   -0.18067E-07    0.12238E-10
    0.54300E+07    0.21097E-10    0.50689E-11    0.33150E-12   -0.49917E-11   -0.18987E-07    0.12890E-10
    0.54350E+07    0.22216E-10    0.53401E-11    0.34948E-12   -0.52573E-11   -0.19949E-07    0.13573E-10
    0.54400E+07    0.23389E-10    0.56247E-11    0.36837E-12   -0.55361E-11   -0.20956E-07    0.14289E-10
    0.54450E+07    0.24620E-10    0.59235E-11    0.38822E-12   -0.58286E-11   -0.22010E-07    0.15040E-10
    0.54500E+07    0.25910E-10    0.62371E-11    0.40906E-12   -0.61354E-11   -0.23111E-07    0.15826E-10
    0.54550E+07    0.27263E-10    0.65661E-11    0.43094E-12   -0.64572E-11   -0.24263E-07    0.16651E-10
    0.54600E+07    0.28682E-10    0.69113E-11    0.45391E-12   -0.67947E-11   -0.25468E-07    0.17514E-10
    0.54650E+07    0.30168E-10    0.72733E-11    0.47802E-12   -0.71484E-11   -0.26726E-07    0.18418E-10
    0.54700E+07    0.31726E-10    0.76529E-11    0.50332E-12   -0.75191E-11   -0.28041E-07    0.19365E-10
    0.54750E+07    0.33357E-10    0.80508E-11    0.52986E-12   -0.79076E-11   -0.29414E-07    0.20356E-10
    0.54800E+07    0.35066E-10    0.84679E-11    0.55770E-12   -0.83146E-11   -0.30849E-07    0.21392E-10
    0.54850E+07    0.36855E-10    0.89049E-11    0.58689E-12   -0.87408E-11   -0.32346E-07    0.22477E-10
    0.54900E+07    0.38727E-10    0.93628E-11    0.61750E-12   -0.91871E-11   -0.33908E-07    0.23612E-10
    0.54950E+07    0.40687E-10    0.98424E-11    0.64958E-12   -0.96543E-11   -0.35539E-07    0.24798E-10
    0.55000E+07    0.42737E-10    0.10345E-10    0.68319E-12   -0.10143E-10   -0.37240E-07    0.26038E-10
    0.55050E+07    0.44881E-10    0.10870E-10    0.71841E-12   -0.10655E-10   -0.39013E-07    0.27334E-10
    0.55100E+07    0.47124E-10    0.11421E-10    0.75530E-12   -0.11190E-10   -0.40862E-07    0.28688E-10
    0.55150E+07    0.49468E-10    0.11997E-10    0.79393E-12   -0.11750E-10   -0.42789E-07    0.30103E-10
    0.55200E+07    0.51919E-10    0.12599E-10    0.83437E-12   -0.12335E-10   -0.44797E-07    0.31580E-10
    0.55250E+07    0.54479E-10    0.13229E-10    0.87670E-12   -0.12947E-10   -0.46888E-07    0.33122E-10
    0.55300E+07    0.57154E-10    0.13888E-10    0.92099E-12   -0.13587E-10   -0.49066E-07    0.34731E-10
    0.55350E+07    0.59947E-10    0.14577E-10    0.96733E-12   -0.14254E-10   -0.51332E-07    0.36410E-10
    0.55400E+07    0.62864E-10    0.15298E-10    0.10158E-11   -0.14952E-10   -0.53692E-07    0.38161E-10
    0.55450E+07    0.65908E-10    0.16050E-10    0.10665E-11   -0.15681E-10   -0.56146E-07    0.39988E-10
    0.55500E+07    0.69084E-10    0.16836E-10    0.11194E-11   -0.16441E-10   -0.58699E-07    0.41891E-10
    0.55550E+07    0.72398E-10    0.17657E-10    0.11748E-11   -0.17235E-10   -0.61352E-07    0.43875E-10
    0.55600E+07    0.75854E-10    0.18515E-10    0.12326E-11   -0.18063E-10   -0.64110E-07    0.45942E-10
    0.55650E+07    0.79457E-10    0.19410E-10    0.12930E-11   -0.18927E-10   -0.66975E-07    0.48095E-10
    0.55700E+07    0.83212E-10    0.20344E-10    0.13561E-11   -0.19827E-10   -0.69951E-07    0.50337E-10
    0.55750E+07    0.87155E-10    0.21323E-10    0.14219E-11   -0.20770E-10   -0.72972E-07    0.52670E-10
    0.55800E+07    0.91263E-10    0.22346E-10    0.14906E-11   -0.21753E-10   -0.76107E-07    0.55097E-10
    0.55800E+07    0.91263E-10    0.22346E-10    0.14906E-11   -0.21753E-10   -0.76107E-07    0.55097E-10
    0.55850E+07    0.95682E-10    0.23458E-10    0.15602E-11   -0.22814E-10   -0.79670E-07    0.57733E-10
    0.55900E+07    0.10029E-09    0.24623E-10    0.16330E-11   -0.23925E-10   -0.83400E-07    0.60479E-10
    0.55950E+07    0.10510E-09    0.25844E-10    0.17092E-11   -0.25088E-10   -0.87303E-07    0.63339E-10
    0.56000E+07    0.11012E-09    0.27121E-10    0.17889E-11   -0.26304E-10   -0.91386E-07    0.66316E-10
    0.56050E+07    0.11535E-09    0.28458E-10    0.18723E-11   -0.27576E-10   -0.95653E-07    0.69413E-10
    0.56100E+07    0.12079E-09    0.29856E-10    0.19594E-11   -0.28906E-10   -0.10011E-06    0.72634E-10
    0.56150E+07    0.12647E-09    0.31318E-10    0.20505E-11   -0.30295E-10   -0.10477E-06    0.75983E-10
    0.56200E+07    0.13238E-09    0.32845E-10    0.21456E-11   -0.31745E-10   -0.10963E-06    0.79464E-10
    0.56250E+07    0.13853E-09    0.34440E-10    0.22450E-11   -0.33258E-10   -0.11469E-06    0.83080E-10
    0.56300E+07    0.14493E-09    0.36106E-10    0.23487E-11   -0.34837E-10   -0.11998E-06    0.86835E-10
    0.56350E+07    0.15159E-09    0.37845E-10    0.24569E-11   -0.36484E-10   -0.12549E-06    0.90733E-10
    0.56400E+07    0.15851E-09    0.39658E-10    0.25698E-11   -0.38200E-10   -0.13122E-06    0.94778E-10
    0.56450E+07    0.16571E-09    0.41549E-10    0.26875E-11   -0.39987E-10   -0.13719E-06    0.98973E-10
    0.56500E+07    0.17318E-09    0.43520E-10    0.28102E-11   -0.41849E-10   -0.14340E-06    0.10332E-09
    0.56550E+07    0.18095E-09    0.45574E-10    0.29380E-11   -0.43787E-10   -0.14986E-06    0.10783E-09
    0.56600E+07    0.18901E-09    0.47713E-10    0.30712E-11   -0.45803E-10   -0.15657E-06    0.11250E-09
    0.56650E+07    0.19738E-09    0.49939E-10    0.32098E-11   -0.47900E-10   -0.16354E-06    0.11733E-09
    0.56700E+07    0.20606E-09    0.52255E-10    0.33540E-11   -0.50078E-10   -0.17078E-06    0.12234E-09
    0.56750E+07    0.21506E-09    0.54665E-10    0.35041E-11   -0.52342E-10   -0.17829E-06    0.12751E-09
    0.56800E+07    0.22439E-09    0.57169E-10    0.36602E-11   -0.54693E-10   -0.18608E-06    0.13286E-09
    0.56850E+07    0.23406E-09    0.59772E-10    0.38224E-11   -0.57132E-10   -0.19416E-06    0.13839E-09
    0.56900E+07    0.24407E-09    0.62476E-10    0.39909E-11   -0.59663E-10   -0.20252E-06    0.14410E-09
    0.56950E+07    0.25444E-09    0.65282E-10    0.41659E-11   -0.62287E-10   -0.21118E-06    0.14999E-09
    0.57000E+07    0.26516E-09    0.68195E-10    0.43476E-11   -0.65007E-10   -0.22015E-06    0.15607E-09
    0.57050E+07    0.27625E-09    0.71217E-10    0.45362E-11   -0.67824E-10   -0.22941E-06    0.16235E-09
    0.57100E+07    0.28771E-09    0.74349E-10    0.47317E-11   -0.70740E-10   -0.23899E-06    0.16881E-09
    0.57149E+07    0.29939E-09    0.77550E-10    0.49317E-11   -0.73715E-10   -0.24875E-06    0.17537E-09
    0.57199E+07    0.31145E-09    0.80864E-10    0.51387E-11   -0.76791E-10   -0.25882E-06    0.18213E-09
    0.57199E+07    0.38385E-09    0.98585E-10    0.43815E-11   -0.87141E-10   -0.27768E-06    0.23313E-09
    0.57200E+07    0.38426E-09    0.98742E-10    0.43902E-11   -0.87299E-10   -0.27822E-06    0.23333E-09
    0.57250E+07    0.39960E-09    0.10450E-09    0.47136E-11   -0.93110E-10   -0.29827E-06    0.24096E-09
    0.57300E+07    0.41554E-09    0.11035E-09    0.50473E-11   -0.98994E-10   -0.31854E-06    0.24889E-09
    0.57350E+07    0.43207E-09    0.11630E-09    0.53917E-11   -0.10495E-09   -0.33900E-06    0.25710E-09
    0.57400E+07    0.44918E-09    0.12235E-09    0.57470E-11   -0.11098E-09   -0.35963E-06    0.26560E-09
    0.57450E+07    0.46687E-09    0.12849E-09    0.61133E-11   -0.11708E-09   -0.38042E-06    0.27436E-09
    0.57500E+07    0.48513E-09    0.13473E-09    0.64907E-11   -0.12326E-09   -0.40136E-06    0.28338E-09
    0.57550E+07    0.50396E-09    0.14107E-09    0.68795E-11   -0.12951E-09   -0.42243E-06    0.29265E-09
    0.57600E+07    0.52334E-09    0.14750E-09    0.72798E-11   -0.13583E-09   -0.44362E-06    0.30217E-09
    0.57650E+07    0.54328E-09    0.15403E-09    0.76916E-11   -0.14223E-09   -0.46491E-06    0.31192E-09
    0.57700E+07    0.56377E-09    0.16065E-09    0.81152E-11   -0.14869E-09   -0.48629E-06    0.32190E-09
    0.57750E+07    0.58481E-09    0.16738E-09    0.85505E-11   -0.15523E-09   -0.50775E-06    0.33210E-09
    0.57800E+07    0.60639E-09    0.17419E-09    0.89977E-11   -0.16185E-09   -0.52927E-06    0.34252E-09
    0.57850E+07    0.62850E-09    0.18111E-09    0.94569E-11   -0.16853E-09   -0.55085E-06    0.35314E-09
    0.57900E+07    0.65115E-09    0.18812E-09    0.99280E-11   -0.17529E-09   -0.57247E-06    0.36395E-09
    0.57950E+07    0.67433E-09    0.19523E-09    0.10411E-10   -0.18211E-09   -0.59412E-06    0.37496E-09
    0.58000E+07    0.69803E-09    0.20243E-09    0.10906E-10   -0.18901E-09   -0.61578E-06    0.38614E-09
    0.58050E+07    0.72224E-09    0.20973E-09    0.11413E-10   -0.19597E-09   -0.63744E-06    0.39749E-09
    0.58100E+07    0.74697E-09    0.21712E-09    0.11932E-10   -0.20299E-09   -0.65909E-06    0.40901E-09
    0.58150E+07    0.77220E-09    0.22461E-09    0.12463E-10   -0.21009E-09   -0.68071E-06    0.42067E-09
    0.58200E+07    0.79792E-09    0.23219E-09    0.13006E-10   -0.21724E-09   -0.70229E-06    0.43247E-09
    0.58250E+07    0.82412E-09    0.23987E-09    0.13560E-10   -0.22445E-09   -0.72380E-06    0.44440E-09
    0.58300E+07    0.85080E-09    0.24763E-09    0.14126E-10   -0.23172E-09   -0.74524E-06    0.45645E-09
    0.58350E+07    0.87794E-09    0.25548E-09    0.14703E-10   -0.23904E-09   -0.76657E-06    0.46859E-09
    0.58400E+07    0.90553E-09    0.26341E-09    0.15291E-10   -0.24641E-09   -0.78779E-06    0.48082E-09
    0.58450E+07    0.93355E-09    0.27143E-09    0.15890E-10   -0.25383E-09   -0.80887E-06    0.49312E-09
    0.58500E+07    0.96198E-09    0.27953E-09    0.16499E-10   -0.26128E-09   -0.82979E-06    0.50547E-09
    0.58550E+07    0.99081E-09    0.28771E-09    0.17119E-10   -0.26877E-09   -0.85053E-06    0.51787E-09
    0.58600E+07    0.10200E-08    0.29595E-09    0.17749E-10   -0.27628E-09   -0.87104E-06    0.53027E-09
    0.58636E+07    0.10410E-08    0.30185E-09    0.18202E-10   -0.28164E-09   -0.88548E-06    0.53909E-09
    0.58636E+07    0.10737E-08    0.31181E-09    0.17758E-10   -0.28803E-09   -0.91182E-06    0.55903E-09
    0.58668E+07    0.10947E-08    0.31818E-09    0.18197E-10   -0.29385E-09   -0.92816E-06    0.56786E-09
    0.58700E+07    0.11159E-08    0.32459E-09    0.18641E-10   -0.29968E-09   -0.94443E-06    0.57670E-09
    0.58750E+07    0.11492E-08    0.33460E-09    0.19340E-10   -0.30875E-09   -0.96946E-06    0.59038E-09
    0.58800E+07    0.11828E-08    0.34470E-09    0.20049E-10   -0.31786E-09   -0.99424E-06    0.60404E-09
    0.58850E+07    0.12168E-08    0.35487E-09    0.20768E-10   -0.32699E-09   -0.10187E-05    0.61764E-09
    0.58900E+07    0.12512E-08    0.36512E-09    0.21498E-10   -0.33613E-09   -0.10429E-05    0.63116E-09
    0.58950E+07    0.12858E-08    0.37542E-09    0.22237E-10   -0.34527E-09   -0.10667E-05    0.64456E-09
    0.59000E+07    0.13208E-08    0.38579E-09    0.22984E-10   -0.35440E-09   -0.10900E-05    0.65782E-09
    0.59050E+07    0.13560E-08    0.39619E-09    0.23740E-10   -0.36352E-09   -0.11130E-05    0.67090E-09
    0.59100E+07    0.13914E-08    0.40664E-09    0.24503E-10   -0.37260E-09   -0.11354E-05    0.68377E-09
    0.59150E+07    0.14270E-08    0.41711E-09    0.25272E-10   -0.38163E-09   -0.11573E-05    0.69640E-09
    0.59200E+07    0.14626E-08    0.42759E-09    0.26047E-10   -0.39060E-09   -0.11787E-05    0.70874E-09
    0.59250E+07    0.14984E-08    0.43808E-09    0.26826E-10   -0.39949E-09   -0.11993E-05    0.72076E-09
    0.59300E+07    0.15341E-08    0.44855E-09    0.27608E-10   -0.40829E-09   -0.12194E-05    0.73242E-09
    0.59350E+07    0.15699E-08    0.45900E-09    0.28394E-10   -0.41698E-09   -0.12387E-05    0.74368E-09
    0.59400E+07    0.16055E-08    0.46941E-09    0.29180E-10   -0.42554E-09   -0.12572E-05    0.75448E-09
    0.59450E+07    0.16409E-08    0.47977E-09    0.29966E-10   -0.43396E-09   -0.12748E-05    0.76480E-09
    0.59500E+07    0.16762E-08    0.49006E-09    0.30750E-10   -0.44221E-09   -0.12916E-05    0.77457E-09
    0.59529E+07    0.16964E-08    0.49596E-09    0.31201E-10   -0.44688E-09   -0.13008E-05    0.77995E-09
    0.59558E+07    0.17165E-08    0.50183E-09    0.31651E-10   -0.45149E-09   -0.13098E-05    0.78511E-09
    0.59558E+07    0.18815E-08    0.54969E-09    0.29314E-10   -0.46703E-09   -0.12730E-05    0.93049E-09
    0.59600E+07    0.19180E-08    0.56279E-09    0.30272E-10   -0.47883E-09   -0.13057E-05    0.93750E-09
    0.59650E+07    0.19609E-08    0.57804E-09    0.31404E-10   -0.49245E-09   -0.13431E-05    0.94502E-09
    0.59700E+07    0.20035E-08    0.59302E-09    0.32534E-10   -0.50569E-09   -0.13790E-05    0.95165E-09
    0.59750E+07    0.20457E-08    0.60768E-09    0.33661E-10   -0.51853E-09   -0.14135E-05    0.95730E-09
    0.59800E+07    0.20873E-08    0.62202E-09    0.34783E-10   -0.53094E-09   -0.14464E-05    0.96193E-09
    0.59850E+07    0.21283E-08    0.63599E-09    0.35897E-10   -0.54290E-09   -0.14776E-05    0.96543E-09
    0.59900E+07    0.21686E-08    0.64957E-09    0.37000E-10   -0.55436E-09   -0.15070E-05    0.96778E-09
    0.59950E+07    0.22135E-08    0.66447E-09    0.38091E-10   -0.57059E-09   -0.15366E-05    0.96815E-09
    0.60000E+07    0.22572E-08    0.67899E-09    0.39167E-10   -0.58646E-09   -0.15642E-05    0.96677E-09
    0.60050E+07    0.22938E-08    0.69125E-09    0.40225E-10   -0.59640E-09   -0.15877E-05    0.96438E-09
    0.60100E+07    0.23292E-08    0.70296E-09    0.41259E-10   -0.60567E-09   -0.16090E-05    0.96047E-09
    0.60150E+07    0.23632E-08    0.71410E-09    0.42268E-10   -0.61425E-09   -0.16279E-05    0.95498E-09
    0.60200E+07    0.23957E-08    0.72463E-09    0.43248E-10   -0.62209E-09   -0.16444E-05    0.94783E-09
    0.60250E+07    0.24266E-08    0.73450E-09    0.44196E-10   -0.62915E-09   -0.16584E-05    0.93895E-09
    0.60300E+07    0.24558E-08    0.74370E-09    0.45108E-10   -0.63541E-09   -0.16698E-05    0.92826E-09
    0.60350E+07    0.24831E-08    0.75218E-09    0.45981E-10   -0.64083E-09   -0.16786E-05    0.91572E-09
    0.60400E+07    0.25085E-08    0.75992E-09    0.46810E-10   -0.64537E-09   -0.16846E-05    0.90123E-09
    0.60450E+07    0.25318E-08    0.76687E-09    0.47592E-10   -0.64898E-09   -0.16877E-05    0.88474E-09
    0.60500E+07    0.25529E-08    0.77300E-09    0.48323E-10   -0.65164E-09   -0.16879E-05    0.86620E-09
    0.60550E+07    0.25718E-08    0.77828E-09    0.48999E-10   -0.65331E-09   -0.16852E-05    0.84553E-09
    0.60600E+07    0.25882E-08    0.78268E-09    0.49616E-10   -0.65395E-09   -0.16794E-05    0.82269E-09
    0.60650E+07    0.26021E-08    0.78615E-09    0.50168E-10   -0.65353E-09   -0.16705E-05    0.79761E-09
    0.60700E+07    0.26134E-08    0.78867E-09    0.50653E-10   -0.65201E-09   -0.16585E-05    0.77025E-09
    0.60750E+07    0.26219E-08    0.79021E-09    0.51064E-10   -0.64936E-09   -0.16432E-05    0.74055E-09
    0.60800E+07    0.26276E-08    0.79073E-09    0.51398E-10   -0.64554E-09   -0.16248E-05    0.70850E-09
    0.60850E+07    0.26303E-08    0.79021E-09    0.51650E-10   -0.64052E-09   -0.16030E-05    0.67402E-09
    0.60900E+07    0.26300E-08    0.78862E-09    0.51815E-10   -0.63427E-09   -0.15779E-05    0.63711E-09
    0.60950E+07    0.26267E-08    0.78592E-09    0.51887E-10   -0.62677E-09   -0.15495E-05    0.59772E-09
    0.61000E+07    0.26201E-08    0.78211E-09    0.51863E-10   -0.61799E-09   -0.15179E-05    0.55584E-09
    0.61050E+07    0.26102E-08    0.77715E-09    0.51736E-10   -0.60789E-09   -0.14829E-05    0.51146E-09
    0.61100E+07    0.25970E-08    0.77103E-09    0.51502E-10   -0.59647E-09   -0.14446E-05    0.46455E-09
    0.61150E+07    0.25805E-08    0.76372E-09    0.51156E-10   -0.58370E-09   -0.14030E-05    0.41513E-09
    0.61200E+07    0.25604E-08    0.75523E-09    0.50693E-10   -0.56957E-09   -0.13583E-05    0.36319E-09
    0.61250E+07    0.25369E-08    0.74552E-09    0.50107E-10   -0.55406E-09   -0.13104E-05    0.30875E-09
    0.61300E+07    0.25100E-08    0.73460E-09    0.49393E-10   -0.53716E-09   -0.12594E-05    0.25185E-09
    0.61350E+07    0.24795E-08    0.72247E-09    0.48546E-10   -0.51887E-09   -0.12054E-05    0.19250E-09
    0.61400E+07    0.24454E-08    0.70912E-09    0.47561E-10   -0.49919E-09   -0.11486E-05    0.13075E-09
    0.61450E+07    0.24079E-08    0.69456E-09    0.46433E-10   -0.47813E-09   -0.10891E-05    0.66644E-10
    0.61500E+07    0.23670E-08    0.67881E-09    0.45156E-10   -0.45568E-09   -0.10270E-05    0.27325E-12
    0.61550E+07    0.23226E-08    0.66186E-09    0.43727E-10   -0.43187E-09   -0.96244E-06   -0.68322E-10
    0.61600E+07    0.22748E-08    0.64376E-09    0.42140E-10   -0.40671E-09   -0.89571E-06   -0.13903E-09
    0.61650E+07    0.22238E-08    0.62453E-09    0.40390E-10   -0.38024E-09   -0.82700E-06   -0.21176E-09
    0.61700E+07    0.21696E-08    0.60419E-09    0.38473E-10   -0.35248E-09   -0.75654E-06   -0.28642E-09
    0.61750E+07    0.21124E-08    0.58279E-09    0.36385E-10   -0.32347E-09   -0.68461E-06   -0.36286E-09
    0.61800E+07    0.20523E-08    0.56038E-09    0.34121E-10   -0.29327E-09   -0.61150E-06   -0.44096E-09
    0.61850E+07    0.19895E-08    0.53701E-09    0.31678E-10   -0.26192E-09   -0.53755E-06   -0.52054E-09
    0.61900E+07    0.19242E-08    0.51274E-09    0.29053E-10   -0.22949E-09   -0.46310E-06   -0.60148E-09
    0.61950E+07    0.18565E-08    0.48766E-09    0.26240E-10   -0.19604E-09   -0.38855E-06   -0.68356E-09
    0.62000E+07    0.17868E-08    0.46183E-09    0.23238E-10   -0.16167E-09   -0.31430E-06   -0.76660E-09
    0.62049E+07    0.17162E-08    0.43566E-09    0.20084E-10   -0.12688E-09   -0.24168E-06   -0.84937E-09
    0.62049E+07    0.17526E-08    0.44167E-09    0.20266E-10   -0.12823E-09   -0.25086E-06   -0.82684E-09
    0.62075E+07    0.17050E-08    0.42694E-09    0.18665E-10   -0.10975E-09   -0.21327E-06   -0.87474E-09
    0.62100E+07    0.16576E-08    0.41214E-09    0.16987E-10   -0.91164E-10   -0.17588E-06   -0.92251E-09
    0.62150E+07    0.15648E-08    0.38291E-09    0.13446E-10   -0.54513E-10   -0.10296E-06   -0.10165E-08
    0.62200E+07    0.14725E-08    0.35348E-09    0.96021E-11   -0.17245E-10   -0.31919E-07   -0.11097E-08
    0.62250E+07    0.13809E-08    0.32404E-09    0.54524E-11    0.20525E-10    0.36472E-07   -0.12019E-08
    0.62300E+07    0.12907E-08    0.29477E-09    0.99461E-12    0.58690E-10    0.10141E-06   -0.12927E-08
    0.62350E+07    0.12020E-08    0.26583E-09   -0.37736E-11    0.97156E-10    0.16209E-06   -0.13818E-08
    0.62400E+07    0.11155E-08    0.23741E-09   -0.88540E-11    0.13584E-09    0.21769E-06   -0.14689E-08
    0.62450E+07    0.10314E-08    0.20969E-09   -0.14248E-10    0.17467E-09    0.26738E-06   -0.15535E-08
    0.62500E+07    0.95040E-09    0.18284E-09   -0.19956E-10    0.21360E-09    0.31032E-06   -0.16353E-08
    0.62550E+07    0.87293E-09    0.15707E-09   -0.25979E-10    0.25256E-09    0.34565E-06   -0.17137E-08
    0.62600E+07    0.79954E-09    0.13254E-09   -0.32315E-10    0.29154E-09    0.37249E-06   -0.17884E-08
    0.62650E+07    0.73083E-09    0.10946E-09   -0.38966E-10    0.33050E-09    0.38996E-06   -0.18587E-08
    0.62700E+07    0.66742E-09    0.88010E-10   -0.45928E-10    0.36946E-09    0.39714E-06   -0.19242E-08
    0.62750E+07    0.60996E-09    0.68396E-10   -0.53200E-10    0.40841E-09    0.39312E-06   -0.19842E-08
    0.62800E+07    0.55915E-09    0.50820E-10   -0.60780E-10    0.44739E-09    0.37693E-06   -0.20381E-08
    0.62850E+07    0.51576E-09    0.35487E-10   -0.68663E-10    0.48643E-09    0.34760E-06   -0.20852E-08
    0.62900E+07    0.48058E-09    0.22610E-10   -0.76847E-10    0.52559E-09    0.30412E-06   -0.21248E-08
    0.62950E+07    0.45448E-09    0.12408E-10   -0.85325E-10    0.56494E-09    0.24547E-06   -0.21562E-08
    0.63000E+07    0.43835E-09    0.51087E-11   -0.94092E-10    0.60459E-09    0.17059E-06   -0.21784E-08
    0.63025E+07    0.43532E-09    0.25736E-11   -0.98509E-10    0.62336E-09    0.12551E-06   -0.21862E-08
    0.63025E+07    0.32286E-09    0.35810E-11   -0.10527E-09    0.65946E-09    0.14011E-06   -0.21938E-08
    0.63062E+07    0.33262E-09    0.74060E-12   -0.11293E-09    0.69523E-09    0.67191E-07   -0.21895E-08
    0.63100E+07    0.35068E-09    0.61551E-13   -0.12070E-09    0.73060E-09   -0.17820E-07   -0.21783E-08
    0.63150E+07    0.38866E-09    0.27464E-11   -0.13120E-09    0.77676E-09   -0.15043E-06   -0.21520E-08
    0.63200E+07    0.44425E-09    0.98538E-11   -0.14189E-09    0.82192E-09   -0.30724E-06   -0.21115E-08
    0.63250E+07    0.51939E-09    0.21773E-10   -0.15277E-09    0.86592E-09   -0.49009E-06   -0.20553E-08
    0.63300E+07    0.61611E-09    0.38919E-10   -0.16381E-09    0.90854E-09   -0.70094E-06   -0.19822E-08
    0.63350E+07    0.73665E-09    0.61739E-10   -0.17501E-09    0.94959E-09   -0.94186E-06   -0.18904E-08
    0.63400E+07    0.88338E-09    0.90707E-10   -0.18635E-09    0.98884E-09   -0.12151E-05   -0.17785E-08
    0.63450E+07    0.10588E-08    0.12633E-09   -0.19780E-09    0.10261E-08   -0.15229E-05   -0.16446E-08
    0.63500E+07    0.12657E-08    0.16914E-09   -0.20934E-09    0.10610E-08   -0.18678E-05   -0.14869E-08
    0.63545E+07    0.14813E-08    0.21430E-09   -0.21980E-09    0.10902E-08   -0.22122E-05   -0.13230E-08
    0.63590E+07    0.17269E-08    0.26620E-09   -0.23028E-09    0.11172E-08   -0.25908E-05   -0.11366E-08
    0.63590E+07    0.72648E-09    0.49394E-10   -0.15908E-09    0.11397E-08   -0.39432E-06   -0.23681E-08
    0.63600E+07    0.77504E-09    0.55076E-10   -0.16080E-09    0.11385E-08   -0.42129E-06   -0.23556E-08
    0.63629E+07    0.92159E-09    0.73332E-10   -0.16577E-09    0.11337E-08   -0.50254E-06   -0.23164E-08
    0.63658E+07    0.10771E-08    0.94316E-10   -0.17069E-09    0.11265E-08   -0.58871E-06   -0.22724E-08
    0.63658E+07    0.23402E-09    0.48752E-10   -0.21123E-10    0.79237E-10   -0.14918E-06   -0.38691E-08
    0.63660E+07    0.24210E-09    0.52021E-10   -0.21162E-10    0.71656E-10   -0.15442E-06   -0.38729E-08
    0.63660E+07    0.00000E+00    0.38094E-10    0.00000E+00    0.33551E-11    0.24632E-08   -0.27304E-08
    0.63710E+07    0.00000E+00    0.17008E-12    0.00000E+00   -0.17008E-12   -0.25512E-09   -0.27928E-08
